T_2_6_25_[0] 2 4 12 27

[Vehicle Types] - ID_veh_type, fixed_cost, variable_cost, Speed, Capacity, alpha, beta, max_time, max_drive_time
           0         150           1          80        3200        2400        2800       54000       22000
           1         200        1.25          50       13600       11200       12800       54000       32400

[Number of Vehicle Types] - ID_veh_type, ID_depot, number_of_vehicles
           0           0           4
           1           0           1
           0           1           4
           1           1           1

[Scheduled Lines] - ID_from, ID_to, cost_per_req, capacity, dep_time, arr_time
           0           1          10       12000        1359        3515
           0           1          10       12000       15572       17728
           0           1          10       12000       17298       19454
           0           1          10       12000       55720       57876
           0           1          10       12000       65573       67729
           0           1          10       12000       72561       74717
           1           0          10       12000        5905        8061
           1           0          10       12000       13488       15644
           1           0          10       12000       21059       23215
           1           0          10       12000       59939       62095
           1           0          10       12000       64154       66310
           1           0          10       12000       75743       77899

[Nodes/requests]: ID_node, ID_depot, lat, long, type, service_time, q_del, q_col, tw_depot_start, tw_depot_end, tw_cust_start, tw_cust_end
           0           0      51.987       5.071       depot           0           0           0           0       86400           0       86400
           1           1      52.173       5.248       depot           0           0           0           0       86400           0       86400
           2           1      52.140       4.834  distribute        1800         346           0       22343       86400       28713       64800
           3           1      52.118       5.226  distribute        2400        1497           0       15573       86400       29081       64800
           4           1      51.980       5.281  distribute        2280        4071           0        8998       86400       38503       64800
           5           1      52.049       4.823     collect        1680           0        1424           0       80078       40472       64800
           6           1      52.157       5.309     collect        1680           0        2492           0       83391       34767       64800
           7           1      52.123       5.123  distribute        1320        4336           0       29899       86400       41847       64800
           8           0      52.133       5.342     collect        1920           0         899           0       84822       32473       64800
           9           0      52.078       4.949     collect        1440           0        1026           0       82058       31463       64800
          10           1      52.169       5.065  distribute        1320         552           0       22545       86400       28797       64800
          11           1      52.025       5.305     collect        1320           0        2454           0       82553       37572       64800
          12           0      52.191       5.263  distribute        2400        2571           0        2068       86400       35468       64800
          13           0      52.156       5.033  distribute        2040         644           0       21185       86400       37580       64800
          14           0      52.068       5.435     collect        1680           0        3471           0       85885       27141       64800
          15           0      52.228       5.256  distribute        2280        4596           0        7577       86400       31422       64800
          16           1      52.006       5.113  distribute        2280        1467           0       13000       86400       34233       64800
          17           0      52.234       5.361  distribute        1320        1578           0       29887       86400       37500       64800
          18           0      52.125       4.991  distribute        2400         735           0       17455       86400       30235       64800
          19           0      52.079       5.237     collect        2160           0        3918           0       84164       42176       64800
          20           0      52.110       4.907     collect        1560           0        1002           0       84502       37318       64800
          21           1      52.158       4.877     collect        1560           0        1233           0       77143       33354       42560
          22           1      52.057       4.912     collect        2400           0        5172           0       81673       31478       64800
          23           1      52.009       5.221     collect        1800           0         322           0       83057       33106       64800
          24           0      52.131       5.302  distribute        2280        3711           0        6350       86400       28523       64800
          25           0      51.991       5.127     collect        1680           0         910           0       81921       28824       64800
          26           0      52.122       5.189     collect        1200           0        1164           0       82065       31628       64800