T_2_6_15_[0] 2 4 12 17

[Vehicle Types] - ID_veh_type, fixed_cost, variable_cost, Speed, Capacity, alpha, beta, max_time, max_drive_time
           0         150           1          80        3200        2400        2800       54000       22000
           1         200        1.25          50       13600       11200       12800       54000       32400

[Number of Vehicle Types] - ID_veh_type, ID_depot, number_of_vehicles
           0           0           3
           1           0           1
           0           1           3
           1           1           1

[Scheduled Lines] - ID_from, ID_to, cost_per_req, capacity, dep_time, arr_time
           0           1          10       12000        1958        4233
           0           1          10       12000       15401       17676
           0           1          10       12000       18715       20990
           0           1          10       12000       56304       58579
           0           1          10       12000       64382       66657
           0           1          10       12000       69515       71790
           1           0          10       12000        3703        5978
           1           0          10       12000       10086       12361
           1           0          10       12000       24910       27185
           1           0          10       12000       58495       60770
           1           0          10       12000       68656       70931
           1           0          10       12000       77072       79347

[Nodes/requests]: ID_node, ID_depot, lat, long, type, service_time, q_del, q_col, tw_depot_start, tw_depot_end, tw_cust_start, tw_cust_end
           0           0      52.118       5.279       depot           0           0           0           0       86400           0       86400
           1           1      52.183       4.924       depot           0           0           0           0       86400           0       86400
           2           1      52.001       5.231  distribute        1800        1767           0       16351       86400       37943       64800
           3           0      52.222       4.932     collect        1920           0         909           0       85475       30091       64800
           4           1      52.091       5.144     collect        1800           0        4812           0       83728       34591       64800
           5           1      52.162       5.030  distribute        2160         370           0       11928       86400       34293       46624
           6           1      52.031       5.086     collect        2160           0        2404           0       84213       37695       64800
           7           1      52.142       5.032  distribute        1800        1427           0       11651       86400       33751       64800
           8           0      52.218       5.114     collect        2160           0         918           0       84292       38886       64800
           9           1      51.984       5.378  distribute        2280        1732           0        1106       86400       38567       64800
          10           0      51.987       5.300  distribute        2400         490           0       14671       86400       41508       64800
          11           1      52.039       5.133  distribute        1560        2568           0       27414       86400       40606       64800
          12           0      51.981       5.054  distribute        2160        3112           0       18870       86400       42401       64800
          13           0      52.089       5.169     collect        1440           0        4071           0       82493       25422       64800
          14           0      52.077       5.398     collect        2160           0        2146           0       84389       27704       64800
          15           0      52.192       5.254     collect        2040           0         747           0       80992       33991       64800
          16           0      52.066       5.100  distribute        1560        1326           0       15435       86400       41929       64800