T_2_6_25_[1] 2 4 12 27

[Vehicle Types] - ID_veh_type, fixed_cost, variable_cost, Speed, Capacity, alpha, beta, max_time, max_drive_time
           0         150           1          80        3200        2400        2800       54000       22000
           1         200        1.25          50       13600       11200       12800       54000       32400

[Number of Vehicle Types] - ID_veh_type, ID_depot, number_of_vehicles
           0           0           5
           1           0           1
           0           1           5
           1           1           1

[Scheduled Lines] - ID_from, ID_to, cost_per_req, capacity, dep_time, arr_time
           0           1          10       12000        7368       10897
           0           1          10       12000       12272       15801
           0           1          10       12000       24345       27874
           0           1          10       12000       59429       62958
           0           1          10       12000       64547       68076
           0           1          10       12000       73068       76597
           1           0          10       12000        4760        8289
           1           0          10       12000       15506       19035
           1           0          10       12000       21945       25474
           1           0          10       12000       57245       60774
           1           0          10       12000       63102       66631
           1           0          10       12000       76133       79662

[Nodes/requests]: ID_node, ID_depot, lat, long, type, service_time, q_del, q_col, tw_depot_start, tw_depot_end, tw_cust_start, tw_cust_end
           0           0      52.012       5.437       depot           0           0           0           0       86400           0       86400
           1           1      51.994       4.865       depot           0           0           0           0       86400           0       86400
           2           1      52.125       5.285     collect        2160           0        4254           0       84000       32120       64800
           3           0      52.030       5.129  distribute        2040        5716           0       29536       86400       39711       64800
           4           1      52.004       5.093     collect        2040           0        4832           0       86335       42517       64800
           5           1      51.994       5.122  distribute        1680         269           0       20660       86400       33805       64800
           6           1      52.089       4.934     collect        1680           0        4062           0       76815       55584       58121
           7           1      51.987       5.235     collect        1920           0        2440           0       80493       32190       64800
           8           0      52.052       5.079  distribute        1200        2988           0       19868       86400       36616       64800
           9           1      52.203       5.250     collect        1920           0        4252           0       81156       38284       64800
          10           0      51.990       5.427     collect        1200           0        1842           0       79959       41959       64800
          11           0      52.102       4.898  distribute        1200        3376           0       11778       86400       27584       64800
          12           1      52.047       4.898  distribute        1920         786           0       11193       86400       32364       64800
          13           1      52.037       5.107  distribute        2400        5900           0        5005       86400       27395       64800
          14           1      52.159       5.013     collect        1680           0        4200           0       85431       25213       64800
          15           0      52.061       5.043  distribute        1200         246           0       15468       86400       37460       64800
          16           0      52.035       4.852  distribute        1920         472           0       16651       86400       31556       64800
          17           0      52.195       5.152  distribute        2160        5236           0       22239       86400       41502       64800
          18           1      52.064       5.054  distribute        1440         210           0       24571       86400       43187       64800
          19           0      52.119       5.033  distribute        1800         852           0       10936       86400       28923       64800
          20           1      52.142       5.361  distribute        2160        2018           0       24121       86400       38371       64800
          21           1      52.069       5.058     collect        1440           0        2698           0       84782       27305       64800
          22           0      52.013       5.039  distribute        2280        2438           0        1915       86400       33516       64800
          23           1      52.216       5.120     collect        1920           0        2254           0       81534       33669       64800
          24           1      52.128       5.168  distribute        1560        4608           0       22487       86400       30860       64800
          25           1      52.137       4.947  distribute        1560        4032           0        6495       86400       39049       64800
          26           1      52.159       5.203     collect        2040           0        2016           0       85477       35392       64800