T_2_6_15_[2] 2 4 12 17

[Vehicle Types] - ID_veh_type, fixed_cost, variable_cost, Speed, Capacity, alpha, beta, max_time, max_drive_time
           0         150           1          80        3200        2400        2800       54000       22000
           1         200        1.25          50       13600       11200       12800       54000       32400

[Number of Vehicle Types] - ID_veh_type, ID_depot, number_of_vehicles
           0           0           2
           1           0           1
           0           1           2
           1           1           1

[Scheduled Lines] - ID_from, ID_to, cost_per_req, capacity, dep_time, arr_time
           0           1          10       12000        5699        8370
           0           1          10       12000       13327       15998
           0           1          10       12000       21887       24558
           0           1          10       12000       59852       62523
           0           1          10       12000       61284       63955
           0           1          10       12000       76353       79024
           1           0          10       12000        8625       11296
           1           0          10       12000       16995       19666
           1           0          10       12000       25704       28375
           1           0          10       12000       57838       60509
           1           0          10       12000       64572       67243
           1           0          10       12000       77723       80394

[Nodes/requests]: ID_node, ID_depot, lat, long, type, service_time, q_del, q_col, tw_depot_start, tw_depot_end, tw_cust_start, tw_cust_end
           0           0      52.234       5.406       depot           0           0           0           0       86400           0       86400
           1           1      52.048       5.094       depot           0           0           0           0       86400           0       86400
           2           0      51.997       5.128  distribute        2280        1953           0        6662       86400       34041       64800
           3           0      52.221       5.289     collect        2400           0         268           0       81350       34787       64800
           4           0      52.222       5.294  distribute        1440        1998           0        8903       86400       37096       64800
           5           0      52.126       4.884     collect        1800           0         608           0       84102       40064       64800
           6           0      52.155       5.087  distribute        1320        1367           0       15420       86400       33066       64800
           7           1      51.989       5.010  distribute        2280        3879           0        2931       86400       40222       64800
           8           0      52.144       5.012  distribute        1920        1704           0       17106       86400       34923       64800
           9           0      52.096       5.332     collect        1560           0         760           0       79926       39229       64800
          10           0      52.184       4.958     collect        1320           0         679           0       83820       41059       64800
          11           1      52.204       4.871     collect        2280           0         236           0       80747       40636       64800
          12           0      52.142       5.299  distribute        1440         412           0       22721       86400       32157       64800
          13           0      52.132       5.023     collect        2160           0        3024           0       84760       40619       64800
          14           1      52.099       5.275     collect        2280           0         384           0       79672       35391       64800
          15           1      52.099       5.026     collect        1920           0        3351           0       80377       39410       64800
          16           0      52.125       5.036     collect        2160           0        3908           0       80367       27067       64800