T_2_6_20_[1] 2 4 12 22

[Vehicle Types] - ID_veh_type, fixed_cost, variable_cost, Speed, Capacity, alpha, beta, max_time, max_drive_time
           0         150           1          80        3200        2400        2800       54000       22000
           1         200        1.25          50       13600       11200       12800       54000       32400

[Number of Vehicle Types] - ID_veh_type, ID_depot, number_of_vehicles
           0           0           3
           1           0           1
           0           1           3
           1           1           1

[Scheduled Lines] - ID_from, ID_to, cost_per_req, capacity, dep_time, arr_time
           0           1          10       12000        6566        8931
           0           1          10       12000        9515       11880
           0           1          10       12000       24112       26477
           0           1          10       12000       53964       56329
           0           1          10       12000       64295       66660
           0           1          10       12000       69620       71985
           1           0          10       12000        4300        6665
           1           0          10       12000       11439       13804
           1           0          10       12000       21817       24182
           1           0          10       12000       59609       61974
           1           0          10       12000       66890       69255
           1           0          10       12000       74016       76381

[Nodes/requests]: ID_node, ID_depot, lat, long, type, service_time, q_del, q_col, tw_depot_start, tw_depot_end, tw_cust_start, tw_cust_end
           0           0      52.202       4.828       depot           0           0           0           0       86400           0       86400
           1           1      52.159       5.207       depot           0           0           0           0       86400           0       86400
           2           1      51.986       5.157  distribute        1200        4408           0       11030       86400       27112       64800
           3           1      52.059       5.272     collect        1320           0        4305           0       82240       31054       64800
           4           0      52.063       4.884  distribute        1440         609           0        2865       86400       25218       64800
           5           1      52.106       4.983     collect        1320           0        1456           0       81466       25371       64800
           6           1      52.087       5.147  distribute        2280        2002           0        7315       86400       29226       64800
           7           0      52.040       4.847     collect        2040           0         484           0       80522       42672       64800
           8           1      52.015       5.146     collect        1560           0         970           0       79361       41074       64800
           9           0      52.178       5.281  distribute        1320        3648           0       12867       86400       38770       64800
          10           1      52.143       4.832  distribute        1920        1698           0        1653       86400       33193       64800
          11           1      51.986       4.947     collect        2160           0        5560           0       85262       30367       64800
          12           0      52.137       5.327     collect        1320           0        2052           0       80725       41277       64800
          13           1      52.174       5.124     collect        1800           0        3525           0       80674       34578       64800
          14           0      52.203       5.035  distribute        1800        2508           0        7237       86400       39382       64800
          15           0      52.047       5.090     collect        2040           0        2964           0       83523       42232       64800
          16           0      52.043       4.850  distribute        1680        3028           0       20687       86400       33408       44327
          17           1      52.162       5.443     collect        1800           0        3180           0       78865       42827       64800
          18           1      52.174       5.156     collect        2400           0        5748           0       84958       30236       64800
          19           0      52.193       5.331  distribute        2160        1456           0       29737       86400       42530       64800
          20           0      52.207       4.854  distribute        1800         493           0       10367       86400       34755       64800
          21           0      52.171       5.410     collect        1920           0        2356           0       85706       36035       64800