T_4_6_15_[1] 2 8 72 19

[Vehicle Types] - ID_veh_type, fixed_cost, variable_cost, Speed, Capacity, alpha, beta, max_time, max_drive_time
           0         150           1          80        3200        2400        2800       54000       22000
           1         200        1.25          50       13600       11200       12800       54000       32400

[Number of Vehicle Types] - ID_veh_type, ID_depot, number_of_vehicles
           0           0           3
           1           0           1
           0           1           3
           1           1           1
           0           2           3
           1           2           1
           0           3           3
           1           3           1

[Scheduled Lines] - ID_from, ID_to, cost_per_req, capacity, dep_time, arr_time
           0           1          10       12000        8291        8841
           0           1          10       12000       15431       15981
           0           1          10       12000       25454       26004
           0           1          10       12000       54753       55303
           0           1          10       12000       65901       66451
           0           1          10       12000       73029       73579
           0           2          10       12000        5070        5620
           0           2          10       12000       14601       15151
           0           2          10       12000       25164       25714
           0           2          10       12000       53969       54519
           0           2          10       12000       62529       63079
           0           2          10       12000       73240       73790
           0           3          10       12000         662        1212
           0           3          10       12000        8969        9519
           0           3          10       12000       21681       22231
           0           3          10       12000       54939       55489
           0           3          10       12000       63035       63585
           0           3          10       12000       74912       75462
           1           0          10       12000        3317        3867
           1           0          10       12000       14970       15520
           1           0          10       12000       23256       23806
           1           0          10       12000       52556       53106
           1           0          10       12000       66021       66571
           1           0          10       12000       74444       74994
           1           2          10       12000        7932        8482
           1           2          10       12000       17162       17712
           1           2          10       12000       17370       17920
           1           2          10       12000       58328       58878
           1           2          10       12000       67857       68407
           1           2          10       12000       75666       76216
           1           3          10       12000        1398        1948
           1           3          10       12000       15616       16166
           1           3          10       12000       25320       25870
           1           3          10       12000       60164       60714
           1           3          10       12000       68934       69484
           1           3          10       12000       69902       70452
           2           0          10       12000        3499        4049
           2           0          10       12000       15276       15826
           2           0          10       12000       19639       20189
           2           0          10       12000       53590       54140
           2           0          10       12000       64480       65030
           2           0          10       12000       77248       77798
           2           1          10       12000         157         707
           2           1          10       12000       10150       10700
           2           1          10       12000       19554       20104
           2           1          10       12000       58244       58794
           2           1          10       12000       63049       63599
           2           1          10       12000       73741       74291
           2           3          10       12000        2331        2881
           2           3          10       12000       15715       16265
           2           3          10       12000       22477       23027
           2           3          10       12000       57599       58149
           2           3          10       12000       68458       69008
           2           3          10       12000       74926       75476
           3           0          10       12000        6404        6954
           3           0          10       12000       10512       11062
           3           0          10       12000       19314       19864
           3           0          10       12000       53162       53712
           3           0          10       12000       65672       66222
           3           0          10       12000       71330       71880
           3           1          10       12000        6621        7171
           3           1          10       12000       12442       12992
           3           1          10       12000       21826       22376
           3           1          10       12000       54137       54687
           3           1          10       12000       61165       61715
           3           1          10       12000       69379       69929
           3           2          10       12000        7735        8285
           3           2          10       12000       16003       16553
           3           2          10       12000       20542       21092
           3           2          10       12000       55931       56481
           3           2          10       12000       64443       64993
           3           2          10       12000       72889       73439

[Nodes/requests]: ID_node, ID_depot, lat, long, type, service_time, q_del, q_col, tw_depot_start, tw_depot_end, tw_cust_start, tw_cust_end
           0           0      52.082       5.296       depot           0           0           0           0       86400           0       86400
           1           1      52.134       5.267       depot           0           0           0           0       86400           0       86400
           2           2      52.142       5.213       depot           0           0           0           0       86400           0       86400
           3           3      52.151       5.432       depot           0           0           0           0       86400           0       86400
           4           0      51.989       5.252  distribute        2040        5480           0       23802       86400       38843       64800
           5           3      52.088       4.832     collect        1800           0        1356           0       84897       28339       64800
           6           3      51.987       5.408     collect        1320           0        3291           0       84521       25796       32284
           7           0      52.015       5.036  distribute        1920         353           0       16842       86400       37063       64800
           8           3      52.216       5.339     collect        1680           0         650           0       83235       30538       64800
           9           1      51.998       5.323  distribute        2400        1159           0       13451       86400       26846       64800
          10           3      52.086       5.161     collect        1200           0        4458           0       64492       42812       47166
          11           3      52.011       5.007     collect        2400           0        3528           0       84603       28693       64800
          12           0      52.214       5.000     collect        1560           0        2034           0       85006       32480       64800
          13           1      52.005       4.924  distribute        2280        2792           0       10496       86400       26643       64800
          14           3      52.076       5.333     collect        1920           0        1724           0       86136       39021       64800
          15           3      52.020       5.123  distribute        1920         477           0       27536       86400       34651       64800
          16           2      52.061       4.858  distribute        1560        2388           0         367       86400       34941       64800
          17           0      52.198       5.433  distribute        1560        1764           0       16891       86400       33737       64800
          18           3      52.238       5.196  distribute        1440        1428           0       23385       86400       33067       64800