T_4_6_10_[2] 2 8 72 14

[Vehicle Types] - ID_veh_type, fixed_cost, variable_cost, Speed, Capacity, alpha, beta, max_time, max_drive_time
           0         150           1          80        3200        2400        2800       54000       22000
           1         200        1.25          50       13600       11200       12800       54000       32400

[Number of Vehicle Types] - ID_veh_type, ID_depot, number_of_vehicles
           0           0           2
           1           0           1
           0           1           2
           1           1           1
           0           2           2
           1           2           1
           0           3           2
           1           3           1

[Scheduled Lines] - ID_from, ID_to, cost_per_req, capacity, dep_time, arr_time
           0           1          10       12000        7470        8507
           0           1          10       12000       11108       12145
           0           1          10       12000       18696       19733
           0           1          10       12000       56226       57263
           0           1          10       12000       64072       65109
           0           1          10       12000       74194       75231
           0           2          10       12000        3026        4063
           0           2          10       12000       10017       11054
           0           2          10       12000       19008       20045
           0           2          10       12000       57836       58873
           0           2          10       12000       64318       65355
           0           2          10       12000       75157       76194
           0           3          10       12000        1680        2717
           0           3          10       12000       11677       12714
           0           3          10       12000       24380       25417
           0           3          10       12000       51924       52961
           0           3          10       12000       67351       68388
           0           3          10       12000       71830       72867
           1           0          10       12000        4404        5441
           1           0          10       12000       16633       17670
           1           0          10       12000       25033       26070
           1           0          10       12000       55479       56516
           1           0          10       12000       68572       69609
           1           0          10       12000       73627       74664
           1           2          10       12000        7757        8794
           1           2          10       12000       16588       17625
           1           2          10       12000       23561       24598
           1           2          10       12000       59052       60089
           1           2          10       12000       62356       63393
           1           2          10       12000       74156       75193
           1           3          10       12000         858        1895
           1           3          10       12000       10574       11611
           1           3          10       12000       18325       19362
           1           3          10       12000       60060       61097
           1           3          10       12000       68416       69453
           1           3          10       12000       69194       70231
           2           0          10       12000        1297        2334
           2           0          10       12000       12161       13198
           2           0          10       12000       19736       20773
           2           0          10       12000       54548       55585
           2           0          10       12000       66475       67512
           2           0          10       12000       75025       76062
           2           1          10       12000        7616        8653
           2           1          10       12000       13539       14576
           2           1          10       12000       23532       24569
           2           1          10       12000       52345       53382
           2           1          10       12000       65327       66364
           2           1          10       12000       73946       74983
           2           3          10       12000        7432        8469
           2           3          10       12000       15203       16240
           2           3          10       12000       21100       22137
           2           3          10       12000       54566       55603
           2           3          10       12000       66097       67134
           2           3          10       12000       76507       77544
           3           0          10       12000        2065        3102
           3           0          10       12000        8848        9885
           3           0          10       12000       22633       23670
           3           0          10       12000       52340       53377
           3           0          10       12000       62870       63907
           3           0          10       12000       75031       76068
           3           1          10       12000        6826        7863
           3           1          10       12000        8897        9934
           3           1          10       12000       19680       20717
           3           1          10       12000       58352       59389
           3           1          10       12000       65228       66265
           3           1          10       12000       70189       71226
           3           2          10       12000        2378        3415
           3           2          10       12000       12724       13761
           3           2          10       12000       25130       26167
           3           2          10       12000       55938       56975
           3           2          10       12000       66053       67090
           3           2          10       12000       70194       71231

[Nodes/requests]: ID_node, ID_depot, lat, long, type, service_time, q_del, q_col, tw_depot_start, tw_depot_end, tw_cust_start, tw_cust_end
           0           0      52.041       5.052       depot           0           0           0           0       86400           0       86400
           1           1      52.020       4.887       depot           0           0           0           0       86400           0       86400
           2           2      52.014       5.102       depot           0           0           0           0       86400           0       86400
           3           3      52.193       5.363       depot           0           0           0           0       86400           0       86400
           4           1      52.046       5.070     collect        2280           0        3360           0       85205       38746       64800
           5           3      52.144       5.109  distribute        1200        1896           0        2682       86400       34345       64800
           6           0      52.200       5.286  distribute        1680         733           0       12463       86400       36532       64800
           7           2      52.064       5.239     collect        2400           0        1098           0       85727       41113       64800
           8           1      52.182       4.954  distribute        1680         462           0       24097       86400       38518       64800
           9           3      52.017       5.284  distribute        2400        1803           0       11003       86400       34180       64800
          10           1      52.149       4.896  distribute        1680        1396           0       14370       86400       39432       64800
          11           0      52.049       5.032     collect        1680           0        5440           0       85241       31757       64800
          12           3      52.051       5.381     collect        1560           0         379           0       83157       40272       64800
          13           1      52.187       5.276  distribute        1200        1878           0       25789       86400       39992       64800