T_4_6_15_[2] 2 8 72 19

[Vehicle Types] - ID_veh_type, fixed_cost, variable_cost, Speed, Capacity, alpha, beta, max_time, max_drive_time
           0         150           1          80        3200        2400        2800       54000       22000
           1         200        1.25          50       13600       11200       12800       54000       32400

[Number of Vehicle Types] - ID_veh_type, ID_depot, number_of_vehicles
           0           0           3
           1           0           1
           0           1           3
           1           1           1
           0           2           3
           1           2           1
           0           3           3
           1           3           1

[Scheduled Lines] - ID_from, ID_to, cost_per_req, capacity, dep_time, arr_time
           0           1          10       12000        5222        5586
           0           1          10       12000       14298       14662
           0           1          10       12000       17451       17815
           0           1          10       12000       55714       56078
           0           1          10       12000       68574       68938
           0           1          10       12000       71350       71714
           0           2          10       12000        1738        2102
           0           2          10       12000       16327       16691
           0           2          10       12000       20520       20884
           0           2          10       12000       57753       58117
           0           2          10       12000       63445       63809
           0           2          10       12000       75592       75956
           0           3          10       12000        8454        8818
           0           3          10       12000       12681       13045
           0           3          10       12000       20140       20504
           0           3          10       12000       57025       57389
           0           3          10       12000       64130       64494
           0           3          10       12000       73102       73466
           1           0          10       12000        7424        7788
           1           0          10       12000       16995       17359
           1           0          10       12000       18986       19350
           1           0          10       12000       52928       53292
           1           0          10       12000       62417       62781
           1           0          10       12000       71269       71633
           1           2          10       12000        4680        5044
           1           2          10       12000       14483       14847
           1           2          10       12000       18121       18485
           1           2          10       12000       58715       59079
           1           2          10       12000       67159       67523
           1           2          10       12000       73147       73511
           1           3          10       12000         693        1057
           1           3          10       12000       11706       12070
           1           3          10       12000       20998       21362
           1           3          10       12000       53547       53911
           1           3          10       12000       62829       63193
           1           3          10       12000       74713       75077
           2           0          10       12000        6981        7345
           2           0          10       12000        8782        9146
           2           0          10       12000       19458       19822
           2           0          10       12000       59695       60059
           2           0          10       12000       67829       68193
           2           0          10       12000       74295       74659
           2           1          10       12000        6386        6750
           2           1          10       12000       10628       10992
           2           1          10       12000       20494       20858
           2           1          10       12000       58024       58388
           2           1          10       12000       63430       63794
           2           1          10       12000       69428       69792
           2           3          10       12000        2623        2987
           2           3          10       12000       13997       14361
           2           3          10       12000       25742       26106
           2           3          10       12000       52365       52729
           2           3          10       12000       61038       61402
           2           3          10       12000       76831       77195
           3           0          10       12000        2947        3311
           3           0          10       12000       16608       16972
           3           0          10       12000       20495       20859
           3           0          10       12000       52270       52634
           3           0          10       12000       63888       64252
           3           0          10       12000       72860       73224
           3           1          10       12000        5850        6214
           3           1          10       12000       11096       11460
           3           1          10       12000       22450       22814
           3           1          10       12000       58496       58860
           3           1          10       12000       64592       64956
           3           1          10       12000       74024       74388
           3           2          10       12000        1374        1738
           3           2          10       12000       14369       14733
           3           2          10       12000       18340       18704
           3           2          10       12000       55215       55579
           3           2          10       12000       68666       69030
           3           2          10       12000       71068       71432

[Nodes/requests]: ID_node, ID_depot, lat, long, type, service_time, q_del, q_col, tw_depot_start, tw_depot_end, tw_cust_start, tw_cust_end
           0           0      52.079       5.157       depot           0           0           0           0       86400           0       86400
           1           1      52.046       5.132       depot           0           0           0           0       86400           0       86400
           2           2      52.203       5.195       depot           0           0           0           0       86400           0       86400
           3           3      52.215       5.198       depot           0           0           0           0       86400           0       86400
           4           1      52.050       4.944  distribute        1680         680           0       10906       86400       53205       62140
           5           0      52.229       5.127  distribute        1800        1335           0        7524       86400       36122       64800
           6           3      52.153       4.921  distribute        1920         618           0        2043       86400       32812       64800
           7           0      52.054       4.873     collect        1200           0         550           0       84156       29052       64800
           8           1      52.210       4.926     collect        2160           0        2448           0       85125       28735       64800
           9           2      52.064       4.956     collect        2040           0        2424           0       79925       34898       64800
          10           1      52.105       5.275  distribute        2280        2240           0       17414       86400       31088       64800
          11           0      52.082       5.334  distribute        2400         516           0       15176       86400       36612       64800
          12           1      52.018       5.103  distribute        2160        1493           0       28960       86400       42616       64800
          13           2      52.115       5.250     collect        1560           0         324           0       79950       42679       64800
          14           3      51.991       5.164  distribute        2040         577           0         638       86400       37403       64800
          15           1      52.206       4.885  distribute        2040         195           0       26795       86400       35614       64800
          16           0      52.155       5.221     collect        1320           0        1297           0       80541       33846       64800
          17           0      51.999       5.429     collect        2160           0         522           0       79019       39387       64800
          18           1      52.204       4.899  distribute        2400        4320           0       16575       86400       28533       64800