T_4_6_20_[0] 2 8 72 24

[Vehicle Types] - ID_veh_type, fixed_cost, variable_cost, Speed, Capacity, alpha, beta, max_time, max_drive_time
           0         150           1          80        3200        2400        2800       54000       22000
           1         200        1.25          50       13600       11200       12800       54000       32400

[Number of Vehicle Types] - ID_veh_type, ID_depot, number_of_vehicles
           0           0           3
           1           0           1
           0           1           3
           1           1           1
           0           2           3
           1           2           1
           0           3           3
           1           3           1

[Scheduled Lines] - ID_from, ID_to, cost_per_req, capacity, dep_time, arr_time
           0           1          10       12000        6786        8260
           0           1          10       12000       12453       13927
           0           1          10       12000       21677       23151
           0           1          10       12000       57542       59016
           0           1          10       12000       63798       65272
           0           1          10       12000       74487       75961
           0           2          10       12000        7295        8769
           0           2          10       12000       15834       17308
           0           2          10       12000       21845       23319
           0           2          10       12000       56719       58193
           0           2          10       12000       67232       68706
           0           2          10       12000       74919       76393
           0           3          10       12000        3739        5213
           0           3          10       12000       11555       13029
           0           3          10       12000       21291       22765
           0           3          10       12000       54062       55536
           0           3          10       12000       64801       66275
           0           3          10       12000       77597       79071
           1           0          10       12000        5407        6881
           1           0          10       12000       10126       11600
           1           0          10       12000       23065       24539
           1           0          10       12000       53646       55120
           1           0          10       12000       63565       65039
           1           0          10       12000       76007       77481
           1           2          10       12000         545        2019
           1           2          10       12000       14055       15529
           1           2          10       12000       25906       27380
           1           2          10       12000       56311       57785
           1           2          10       12000       61615       63089
           1           2          10       12000       73429       74903
           1           3          10       12000        4805        6279
           1           3          10       12000       10980       12454
           1           3          10       12000       22506       23980
           1           3          10       12000       59936       61410
           1           3          10       12000       67365       68839
           1           3          10       12000       71228       72702
           2           0          10       12000        3386        4860
           2           0          10       12000       11602       13076
           2           0          10       12000       22017       23491
           2           0          10       12000       55508       56982
           2           0          10       12000       64079       65553
           2           0          10       12000       73969       75443
           2           1          10       12000        3895        5369
           2           1          10       12000       17227       18701
           2           1          10       12000       22414       23888
           2           1          10       12000       58431       59905
           2           1          10       12000       69026       70500
           2           1          10       12000       70427       71901
           2           3          10       12000        1637        3111
           2           3          10       12000       15750       17224
           2           3          10       12000       19267       20741
           2           3          10       12000       57657       59131
           2           3          10       12000       68402       69876
           2           3          10       12000       72549       74023
           3           0          10       12000         116        1590
           3           0          10       12000       11384       12858
           3           0          10       12000       25553       27027
           3           0          10       12000       59288       60762
           3           0          10       12000       61923       63397
           3           0          10       12000       69133       70607
           3           1          10       12000        3041        4515
           3           1          10       12000       11000       12474
           3           1          10       12000       25221       26695
           3           1          10       12000       52314       53788
           3           1          10       12000       66756       68230
           3           1          10       12000       75549       77023
           3           2          10       12000        6363        7837
           3           2          10       12000        9446       10920
           3           2          10       12000       23332       24806
           3           2          10       12000       54202       55676
           3           2          10       12000       61941       63415
           3           2          10       12000       74374       75848

[Nodes/requests]: ID_node, ID_depot, lat, long, type, service_time, q_del, q_col, tw_depot_start, tw_depot_end, tw_cust_start, tw_cust_end
           0           0      52.033       5.006       depot           0           0           0           0       86400           0       86400
           1           1      52.078       5.234       depot           0           0           0           0       86400           0       86400
           2           2      52.042       5.103       depot           0           0           0           0       86400           0       86400
           3           3      52.059       5.168       depot           0           0           0           0       86400           0       86400
           4           2      52.000       5.226     collect        1560           0         101           0       79773       37738       64800
           5           1      52.192       5.361     collect        2280           0         987           0       81081       41407       64800
           6           2      51.984       5.415     collect        1320           0        5084           0       84125       28801       64800
           7           3      52.177       5.348  distribute        2400         840           0       43640       86400       56691       68388
           8           0      52.119       4.919     collect        1920           0        1029           0       84621       25469       64800
           9           3      52.048       4.960     collect        2400           0         746           0       84267       36460       64800
          10           1      52.020       5.426     collect        1920           0        1122           0       85517       29789       64800
          11           1      51.998       5.031     collect        2040           0        5496           0       82636       26230       64800
          12           0      52.052       4.818     collect        2160           0        3327           0       60257       29502       40281
          13           3      52.046       4.884  distribute        1920        3088           0       19862       86400       34577       64800
          14           1      52.166       4.883  distribute        1800        1628           0       12026       86400       26878       64800
          15           3      52.074       5.213     collect        1680           0        1274           0       71018       46721       54635
          16           3      52.090       4.940  distribute        2040        2876           0        8322       86400       42445       64800
          17           1      52.189       4.845     collect        2280           0        1006           0       86367       39422       64800
          18           2      52.153       5.291     collect        1800           0         366           0       80585       34980       64800
          19           0      52.030       5.198     collect        2040           0        2070           0       79063       25379       64800
          20           0      52.208       5.240  distribute        2160        2944           0       18005       86400       27595       64800
          21           2      52.196       4.931  distribute        2040         969           0        1943       86400       40835       64800
          22           0      52.157       5.124     collect        1200           0        1383           0       84836       41537       64800
          23           2      52.072       5.367  distribute        1320         240           0       19991       86400       39403       64800