T_4_6_25_[0] 2 8 72 29

[Vehicle Types] - ID_veh_type, fixed_cost, variable_cost, Speed, Capacity, alpha, beta, max_time, max_drive_time
           0         150           1          80        3200        2400        2800       54000       22000
           1         200        1.25          50       13600       11200       12800       54000       32400

[Number of Vehicle Types] - ID_veh_type, ID_depot, number_of_vehicles
           0           0           4
           1           0           1
           0           1           4
           1           1           1
           0           2           4
           1           2           1
           0           3           4
           1           3           1

[Scheduled Lines] - ID_from, ID_to, cost_per_req, capacity, dep_time, arr_time
           0           1          10       12000        4027        6308
           0           1          10       12000        9610       11891
           0           1          10       12000       18397       20678
           0           1          10       12000       53797       56078
           0           1          10       12000       64637       66918
           0           1          10       12000       75832       78113
           0           2          10       12000        3240        5521
           0           2          10       12000       15389       17670
           0           2          10       12000       17923       20204
           0           2          10       12000       55253       57534
           0           2          10       12000       60501       62782
           0           2          10       12000       74676       76957
           0           3          10       12000        4438        6719
           0           3          10       12000        9345       11626
           0           3          10       12000       24860       27141
           0           3          10       12000       54543       56824
           0           3          10       12000       63880       66161
           0           3          10       12000       75775       78056
           1           0          10       12000        8196       10477
           1           0          10       12000        9275       11556
           1           0          10       12000       21266       23547
           1           0          10       12000       54619       56900
           1           0          10       12000       61193       63474
           1           0          10       12000       75557       77838
           1           2          10       12000        8045       10326
           1           2          10       12000        9710       11991
           1           2          10       12000       20040       22321
           1           2          10       12000       58395       60676
           1           2          10       12000       64438       66719
           1           2          10       12000       71647       73928
           1           3          10       12000         465        2746
           1           3          10       12000       15563       17844
           1           3          10       12000       23735       26016
           1           3          10       12000       59832       62113
           1           3          10       12000       63482       65763
           1           3          10       12000       76141       78422
           2           0          10       12000         319        2600
           2           0          10       12000       13659       15940
           2           0          10       12000       20185       22466
           2           0          10       12000       59645       61926
           2           0          10       12000       63912       66193
           2           0          10       12000       73803       76084
           2           1          10       12000        5978        8259
           2           1          10       12000       16059       18340
           2           1          10       12000       21954       24235
           2           1          10       12000       58678       60959
           2           1          10       12000       67756       70037
           2           1          10       12000       69653       71934
           2           3          10       12000        5079        7360
           2           3          10       12000        9035       11316
           2           3          10       12000       20888       23169
           2           3          10       12000       58182       60463
           2           3          10       12000       63457       65738
           2           3          10       12000       76458       78739
           3           0          10       12000        7961       10242
           3           0          10       12000       14370       16651
           3           0          10       12000       23401       25682
           3           0          10       12000       52739       55020
           3           0          10       12000       68442       70723
           3           0          10       12000       75210       77491
           3           1          10       12000         670        2951
           3           1          10       12000       15591       17872
           3           1          10       12000       23332       25613
           3           1          10       12000       55489       57770
           3           1          10       12000       67349       69630
           3           1          10       12000       72266       74547
           3           2          10       12000        3452        5733
           3           2          10       12000       12202       14483
           3           2          10       12000       24063       26344
           3           2          10       12000       54737       57018
           3           2          10       12000       63436       65717
           3           2          10       12000       73340       75621

[Nodes/requests]: ID_node, ID_depot, lat, long, type, service_time, q_del, q_col, tw_depot_start, tw_depot_end, tw_cust_start, tw_cust_end
           0           0      52.091       5.054       depot           0           0           0           0       86400           0       86400
           1           1      52.125       5.421       depot           0           0           0           0       86400           0       86400
           2           2      52.171       5.021       depot           0           0           0           0       86400           0       86400
           3           3      52.017       4.864       depot           0           0           0           0       86400           0       86400
           4           2      52.089       5.128     collect        2280           0         776           0       85005       42730       64800
           5           3      52.175       4.978  distribute        2040        3188           0       27874       86400       34597       64800
           6           0      52.049       4.946     collect        1560           0        1646           0       84991       35589       64800
           7           0      52.218       4.846     collect        2280           0         924           0       83734       31299       64800
           8           1      52.183       5.195  distribute        1320         364           0       27329       86400       42443       64800
           9           3      52.022       5.227     collect        1920           0        1190           0       79363       31616       64800
          10           3      52.128       5.175     collect        1440           0        1382           0       80007       39757       64800
          11           3      52.234       4.988     collect        2160           0         448           0       79514       30276       64800
          12           0      52.103       5.347  distribute        1920        5436           0       10758       86400       30917       64800
          13           3      52.065       5.067  distribute        2280         542           0       21775       86400       28916       64800
          14           3      52.056       4.968  distribute        1200        4492           0        4369       86400       42303       64800
          15           2      52.135       5.037  distribute        2160        1211           0       24975       86400       42885       64800
          16           0      52.218       5.058  distribute        1680         486           0       31190       86400       40090       64800
          17           0      52.123       5.063     collect        1800           0        2850           0       79706       28404       64800
          18           1      52.184       4.848     collect        1920           0        1410           0       81151       37163       64800
          19           3      52.186       4.863  distribute        2040        1492           0       14145       86400       28298       64800
          20           0      52.151       5.040  distribute        1320        2714           0       21654       86400       36589       42966
          21           0      52.081       5.033     collect        1680           0        1411           0       82724       25252       64800
          22           3      52.058       5.230     collect        1200           0        5084           0       72917       53146       56713
          23           0      52.231       5.020     collect        1320           0        1522           0       65159       32704       43696
          24           2      52.053       5.438     collect        2400           0        4218           0       79744       38633       64800
          25           1      52.009       5.183     collect        2160           0        1490           0       83460       29307       64800
          26           3      52.063       5.025     collect        1680           0        2850           0       80595       26764       64800
          27           1      52.240       5.049     collect        2160           0         860           0       80602       26765       64800
          28           3      52.072       4.941     collect        2040           0        2790           0       82735       33327       64800