T_4_6_25_[2] 2 8 72 29

[Vehicle Types] - ID_veh_type, fixed_cost, variable_cost, Speed, Capacity, alpha, beta, max_time, max_drive_time
           0         150           1          80        3200        2400        2800       54000       22000
           1         200        1.25          50       13600       11200       12800       54000       32400

[Number of Vehicle Types] - ID_veh_type, ID_depot, number_of_vehicles
           0           0           4
           1           0           1
           0           1           4
           1           1           1
           0           2           4
           1           2           1
           0           3           4
           1           3           1

[Scheduled Lines] - ID_from, ID_to, cost_per_req, capacity, dep_time, arr_time
           0           1          10       12000        4776        5763
           0           1          10       12000       13824       14811
           0           1          10       12000       22746       23733
           0           1          10       12000       57366       58353
           0           1          10       12000       65394       66381
           0           1          10       12000       75457       76444
           0           2          10       12000        8566        9553
           0           2          10       12000       14186       15173
           0           2          10       12000       19913       20900
           0           2          10       12000       54656       55643
           0           2          10       12000       64921       65908
           0           2          10       12000       71250       72237
           0           3          10       12000        6165        7152
           0           3          10       12000       13013       14000
           0           3          10       12000       23175       24162
           0           3          10       12000       54327       55314
           0           3          10       12000       63267       64254
           0           3          10       12000       71105       72092
           1           0          10       12000        2145        3132
           1           0          10       12000       10072       11059
           1           0          10       12000       18787       19774
           1           0          10       12000       58767       59754
           1           0          10       12000       64322       65309
           1           0          10       12000       70052       71039
           1           2          10       12000        4299        5286
           1           2          10       12000       12629       13616
           1           2          10       12000       25850       26837
           1           2          10       12000       57409       58396
           1           2          10       12000       63745       64732
           1           2          10       12000       71965       72952
           1           3          10       12000         309        1296
           1           3          10       12000       11216       12203
           1           3          10       12000       20988       21975
           1           3          10       12000       54418       55405
           1           3          10       12000       61181       62168
           1           3          10       12000       72780       73767
           2           0          10       12000        4549        5536
           2           0          10       12000       10507       11494
           2           0          10       12000       20134       21121
           2           0          10       12000       57310       58297
           2           0          10       12000       68232       69219
           2           0          10       12000       74421       75408
           2           1          10       12000        8584        9571
           2           1          10       12000       11972       12959
           2           1          10       12000       19964       20951
           2           1          10       12000       55727       56714
           2           1          10       12000       67291       68278
           2           1          10       12000       76078       77065
           2           3          10       12000        5874        6861
           2           3          10       12000        9409       10396
           2           3          10       12000       23806       24793
           2           3          10       12000       54325       55312
           2           3          10       12000       67788       68775
           2           3          10       12000       76926       77913
           3           0          10       12000        4612        5599
           3           0          10       12000        8715        9702
           3           0          10       12000       20616       21603
           3           0          10       12000       59242       60229
           3           0          10       12000       65976       66963
           3           0          10       12000       74984       75971
           3           1          10       12000        4583        5570
           3           1          10       12000       17183       18170
           3           1          10       12000       21802       22789
           3           1          10       12000       57430       58417
           3           1          10       12000       62924       63911
           3           1          10       12000       76155       77142
           3           2          10       12000        7008        7995
           3           2          10       12000       11583       12570
           3           2          10       12000       23088       24075
           3           2          10       12000       54948       55935
           3           2          10       12000       65641       66628
           3           2          10       12000       75500       76487

[Nodes/requests]: ID_node, ID_depot, lat, long, type, service_time, q_del, q_col, tw_depot_start, tw_depot_end, tw_cust_start, tw_cust_end
           0           0      52.051       5.137       depot           0           0           0           0       86400           0       86400
           1           1      51.990       5.011       depot           0           0           0           0       86400           0       86400
           2           2      52.142       5.066       depot           0           0           0           0       86400           0       86400
           3           3      52.087       5.132       depot           0           0           0           0       86400           0       86400
           4           2      52.150       5.103  distribute        2400        3888           0        6647       86400       49760       56351
           5           1      52.058       4.838     collect        1800           0        1326           0       85050       30613       64800
           6           1      52.136       5.100  distribute        1680        2340           0       22983       86400       35566       64800
           7           1      52.185       5.408  distribute        2160        2610           0       28246       86400       40789       46623
           8           3      52.059       4.920  distribute        2400        5360           0       16485       86400       29581       64800
           9           1      51.977       5.120  distribute        1920        4023           0       11340       86400       34047       64800
          10           1      52.158       4.997     collect        1320           0         875           0       82239       32355       64800
          11           0      52.134       5.386     collect        2400           0        1380           0       84875       42030       64800
          12           3      52.168       5.324     collect        1200           0        1623           0       80335       37203       64800
          13           3      52.091       5.423     collect        1800           0        2660           0       86295       28245       64800
          14           3      52.136       5.081     collect        1440           0        1040           0       84131       34617       64800
          15           2      52.158       5.075     collect        1560           0         574           0       82374       39012       64800
          16           1      52.032       5.004  distribute        1800        1689           0       17811       86400       38768       64800
          17           3      52.057       5.224  distribute        2280         793           0       15414       86400       32069       42003
          18           2      52.082       5.112     collect        1920           0         612           0       83081       41812       64800
          19           3      52.049       5.109  distribute        2280        5684           0       14222       86400       33669       64800
          20           0      52.193       5.346     collect        2280           0         491           0       82138       38829       64800
          21           1      52.145       5.245     collect        1920           0        2432           0       82950       37921       64800
          22           0      52.140       5.406     collect        2400           0        2788           0       83751       29303       64800
          23           2      52.143       5.073  distribute        1200        4844           0        7528       86400       33632       64800
          24           2      52.138       5.218     collect        2160           0        1123           0       84145       37729       64800
          25           0      52.001       5.139  distribute        1560        1528           0       30878       86400       39483       64800
          26           1      52.218       5.111     collect        1200           0        2352           0       79365       39032       64800
          27           3      52.184       5.134     collect        1680           0         555           0       83692       31969       64800
          28           3      52.106       4.843     collect        2400           0        1612           0       81508       29575       64800