T_4_6_10_[0] 2 8 72 14

[Vehicle Types] - ID_veh_type, fixed_cost, variable_cost, Speed, Capacity, alpha, beta, max_time, max_drive_time
           0         150           1          80        3200        2400        2800       54000       22000
           1         200        1.25          50       13600       11200       12800       54000       32400

[Number of Vehicle Types] - ID_veh_type, ID_depot, number_of_vehicles
           0           0           2
           1           0           1
           0           1           2
           1           1           1
           0           2           2
           1           2           1
           0           3           2
           1           3           1

[Scheduled Lines] - ID_from, ID_to, cost_per_req, capacity, dep_time, arr_time
           0           1          10       12000         264        1586
           0           1          10       12000       12832       14154
           0           1          10       12000       24949       26271
           0           1          10       12000       58337       59659
           0           1          10       12000       63120       64442
           0           1          10       12000       74381       75703
           0           2          10       12000        8151        9473
           0           2          10       12000       12351       13673
           0           2          10       12000       20421       21743
           0           2          10       12000       54290       55612
           0           2          10       12000       65354       66676
           0           2          10       12000       69269       70591
           0           3          10       12000        2109        3431
           0           3          10       12000       16448       17770
           0           3          10       12000       20570       21892
           0           3          10       12000       53012       54334
           0           3          10       12000       62775       64097
           0           3          10       12000       71987       73309
           1           0          10       12000        1065        2387
           1           0          10       12000       12349       13671
           1           0          10       12000       21871       23193
           1           0          10       12000       59469       60791
           1           0          10       12000       62144       63466
           1           0          10       12000       77107       78429
           1           2          10       12000        4852        6174
           1           2          10       12000        9673       10995
           1           2          10       12000       18614       19936
           1           2          10       12000       57141       58463
           1           2          10       12000       65765       67087
           1           2          10       12000       71758       73080
           1           3          10       12000        2771        4093
           1           3          10       12000        9668       10990
           1           3          10       12000       20957       22279
           1           3          10       12000       58443       59765
           1           3          10       12000       68854       70176
           1           3          10       12000       76440       77762
           2           0          10       12000        5366        6688
           2           0          10       12000       17200       18522
           2           0          10       12000       25356       26678
           2           0          10       12000       54192       55514
           2           0          10       12000       65789       67111
           2           0          10       12000       73552       74874
           2           1          10       12000        4519        5841
           2           1          10       12000       15509       16831
           2           1          10       12000       21104       22426
           2           1          10       12000       53817       55139
           2           1          10       12000       65666       66988
           2           1          10       12000       71227       72549
           2           3          10       12000        7944        9266
           2           3          10       12000       12129       13451
           2           3          10       12000       24871       26193
           2           3          10       12000       56052       57374
           2           3          10       12000       60656       61978
           2           3          10       12000       71254       72576
           3           0          10       12000        6312        7634
           3           0          10       12000       15866       17188
           3           0          10       12000       20548       21870
           3           0          10       12000       53822       55144
           3           0          10       12000       61187       62509
           3           0          10       12000       71352       72674
           3           1          10       12000        1083        2405
           3           1          10       12000       13537       14859
           3           1          10       12000       17514       18836
           3           1          10       12000       60340       61662
           3           1          10       12000       64472       65794
           3           1          10       12000       71173       72495
           3           2          10       12000        8292        9614
           3           2          10       12000        8996       10318
           3           2          10       12000       19051       20373
           3           2          10       12000       60166       61488
           3           2          10       12000       66769       68091
           3           2          10       12000       73580       74902

[Nodes/requests]: ID_node, ID_depot, lat, long, type, service_time, q_del, q_col, tw_depot_start, tw_depot_end, tw_cust_start, tw_cust_end
           0           0      52.017       5.041       depot           0           0           0           0       86400           0       86400
           1           1      51.987       5.250       depot           0           0           0           0       86400           0       86400
           2           2      52.236       5.123       depot           0           0           0           0       86400           0       86400
           3           3      52.109       5.107       depot           0           0           0           0       86400           0       86400
           4           0      52.159       5.229     collect        2040           0         237           0       81308       26688       64800
           5           0      52.091       5.389  distribute        1200        1293           0       20030       86400       26312       64800
           6           1      52.081       5.227  distribute        1680        4173           0        3378       86400       35010       64800
           7           2      52.232       4.886     collect        2280           0        2186           0       82405       35846       64800
           8           3      52.144       5.004  distribute        1560        1024           0       11754       86400       28100       64800
           9           3      52.115       5.271     collect        1920           0         681           0       78095       48829       54144
          10           1      52.195       4.888     collect        1560           0        1130           0       80990       41822       64800
          11           3      52.118       5.346  distribute        1920         287           0       15074       86400       27416       64800
          12           0      52.050       5.246     collect        2040           0         696           0       80315       34569       64800
          13           1      52.010       5.288     collect        1800           0        2382           0       78278       41149       64800