T_4_6_5_[1] 2 8 72 9

[Vehicle Types] - ID_veh_type, fixed_cost, variable_cost, Speed, Capacity, alpha, beta, max_time, max_drive_time
           0         150           1          80        3200        2400        2800       54000       22000
           1         200        1.25          50       13600       11200       12800       54000       32400

[Number of Vehicle Types] - ID_veh_type, ID_depot, number_of_vehicles
           0           0           2
           1           0           1
           0           1           2
           1           1           1
           0           2           2
           1           2           1
           0           3           2
           1           3           1

[Scheduled Lines] - ID_from, ID_to, cost_per_req, capacity, dep_time, arr_time
           0           1          10       12000        1013        2306
           0           1          10       12000       10370       11663
           0           1          10       12000       21563       22856
           0           1          10       12000       52331       53624
           0           1          10       12000       68809       70102
           0           1          10       12000       75763       77056
           0           2          10       12000        1810        3103
           0           2          10       12000       10226       11519
           0           2          10       12000       21902       23195
           0           2          10       12000       51965       53258
           0           2          10       12000       61780       63073
           0           2          10       12000       74295       75588
           0           3          10       12000        6084        7377
           0           3          10       12000       11623       12916
           0           3          10       12000       19894       21187
           0           3          10       12000       60368       61661
           0           3          10       12000       67836       69129
           0           3          10       12000       70592       71885
           1           0          10       12000        1554        2847
           1           0          10       12000       10572       11865
           1           0          10       12000       17581       18874
           1           0          10       12000       60154       61447
           1           0          10       12000       65778       67071
           1           0          10       12000       71647       72940
           1           2          10       12000        3350        4643
           1           2          10       12000       14574       15867
           1           2          10       12000       23846       25139
           1           2          10       12000       54329       55622
           1           2          10       12000       67906       69199
           1           2          10       12000       72764       74057
           1           3          10       12000         383        1676
           1           3          10       12000       12780       14073
           1           3          10       12000       24396       25689
           1           3          10       12000       56716       58009
           1           3          10       12000       65577       66870
           1           3          10       12000       75581       76874
           2           0          10       12000        2339        3632
           2           0          10       12000       13041       14334
           2           0          10       12000       21019       22312
           2           0          10       12000       55732       57025
           2           0          10       12000       63102       64395
           2           0          10       12000       73719       75012
           2           1          10       12000        6086        7379
           2           1          10       12000       15342       16635
           2           1          10       12000       17954       19247
           2           1          10       12000       52361       53654
           2           1          10       12000       61932       63225
           2           1          10       12000       75024       76317
           2           3          10       12000        7995        9288
           2           3          10       12000       10933       12226
           2           3          10       12000       18579       19872
           2           3          10       12000       54379       55672
           2           3          10       12000       61727       63020
           2           3          10       12000       75599       76892
           3           0          10       12000        1372        2665
           3           0          10       12000       16796       18089
           3           0          10       12000       19464       20757
           3           0          10       12000       55367       56660
           3           0          10       12000       68723       70016
           3           0          10       12000       77197       78490
           3           1          10       12000        3500        4793
           3           1          10       12000       10434       11727
           3           1          10       12000       23959       25252
           3           1          10       12000       52289       53582
           3           1          10       12000       63582       64875
           3           1          10       12000       75928       77221
           3           2          10       12000        3086        4379
           3           2          10       12000       10383       11676
           3           2          10       12000       19471       20764
           3           2          10       12000       58119       59412
           3           2          10       12000       61703       62996
           3           2          10       12000       75650       76943

[Nodes/requests]: ID_node, ID_depot, lat, long, type, service_time, q_del, q_col, tw_depot_start, tw_depot_end, tw_cust_start, tw_cust_end
           0           0      52.033       5.187       depot           0           0           0           0       86400           0       86400
           1           1      52.031       4.977       depot           0           0           0           0       86400           0       86400
           2           2      52.064       5.378       depot           0           0           0           0       86400           0       86400
           3           3      52.074       5.165       depot           0           0           0           0       86400           0       86400
           4           3      52.101       5.306  distribute        1560        1376           0       11058       86400       34145       64800
           5           1      52.038       4.959  distribute        1200        1542           0       12670       86400       27363       64800
           6           0      52.122       5.034  distribute        1320        3531           0       22919       86400       34014       64800
           7           2      52.195       5.050     collect        1200           0        5936           0       85593       36169       64800
           8           2      52.004       5.412     collect        1800           0        1948           0       84524       39361       64800