T_2_6_25_[2] 2 4 12 27

[Vehicle Types] - ID_veh_type, fixed_cost, variable_cost, Speed, Capacity, alpha, beta, max_time, max_drive_time
           0         150           1          80        3200        2400        2800       54000       22000
           1         200        1.25          50       13600       11200       12800       54000       32400

[Number of Vehicle Types] - ID_veh_type, ID_depot, number_of_vehicles
           0           0           4
           1           0           1
           0           1           4
           1           1           1

[Scheduled Lines] - ID_from, ID_to, cost_per_req, capacity, dep_time, arr_time
           0           1          10       12000        3805        4638
           0           1          10       12000       15860       16693
           0           1          10       12000       25597       26430
           0           1          10       12000       54004       54837
           0           1          10       12000       67962       68795
           0           1          10       12000       75000       75833
           1           0          10       12000        5828        6661
           1           0          10       12000       15586       16419
           1           0          10       12000       23563       24396
           1           0          10       12000       55300       56133
           1           0          10       12000       66616       67449
           1           0          10       12000       70310       71143

[Nodes/requests]: ID_node, ID_depot, lat, long, type, service_time, q_del, q_col, tw_depot_start, tw_depot_end, tw_cust_start, tw_cust_end
           0           0      52.061       5.177       depot           0           0           0           0       86400           0       86400
           1           1      52.055       5.042       depot           0           0           0           0       86400           0       86400
           2           1      52.188       5.270  distribute        1680         572           0       25152       86400       38604       47595
           3           0      52.196       5.174  distribute        1680        2121           0        3769       86400       35776       64800
           4           0      52.121       5.339  distribute        1200        3812           0        2538       86400       41903       64800
           5           1      51.989       5.372  distribute        1560         693           0        1088       86400       25935       64800
           6           0      52.056       5.275  distribute        2400        3309           0       25253       86400       40403       64800
           7           0      52.027       5.260     collect        2400           0        2526           0       83173       26525       64800
           8           1      52.048       5.226  distribute        1200        2184           0       16046       86400       30592       64800
           9           1      51.986       5.118  distribute        1200         553           0        5917       86400       25381       64800
          10           1      51.995       5.349  distribute        1560        1250           0        2537       86400       25400       64800
          11           0      52.144       5.138  distribute        1320        3216           0       10482       86400       25345       64800
          12           1      52.057       5.308  distribute        1320        4272           0        2944       86400       37553       64800
          13           0      52.109       5.168  distribute        2040        2804           0       31374       86400       38482       49147
          14           0      52.059       5.249  distribute        1800        1552           0       25017       86400       33281       64800
          15           1      52.074       5.200  distribute        1680        2528           0        1007       86400       29552       64800
          16           1      52.067       4.893     collect        2400           0         981           0       79877       37870       64800
          17           0      52.007       4.885  distribute        1200        1123           0       14710       86400       34843       64800
          18           1      52.198       5.230     collect        1920           0        2992           0       85271       34884       64800
          19           0      51.993       5.408     collect        1800           0        3885           0       81407       30120       37519
          20           1      52.082       5.076     collect        1440           0         358           0       80151       27279       64800
          21           1      52.038       5.279  distribute        1560        2116           0       27645       86400       34748       64800
          22           0      52.081       5.160  distribute        1920        1524           0        6306       86400       34000       64800
          23           0      52.197       4.928     collect        2400           0        2106           0       79562       35060       64800
          24           0      52.073       4.861     collect        1920           0        2112           0       81954       42797       64800
          25           1      52.214       5.045     collect        1680           0        3207           0       82945       42635       64800
          26           1      52.127       5.018  distribute        1200        1236           0        5623       86400       36261       64800