T_2_6_15_[1] 2 4 12 17

[Vehicle Types] - ID_veh_type, fixed_cost, variable_cost, Speed, Capacity, alpha, beta, max_time, max_drive_time
           0         150           1          80        3200        2400        2800       54000       22000
           1         200        1.25          50       13600       11200       12800       54000       32400

[Number of Vehicle Types] - ID_veh_type, ID_depot, number_of_vehicles
           0           0           3
           1           0           1
           0           1           3
           1           1           1

[Scheduled Lines] - ID_from, ID_to, cost_per_req, capacity, dep_time, arr_time
           0           1          10       12000        3380        5600
           0           1          10       12000       10341       12561
           0           1          10       12000       23891       26111
           0           1          10       12000       56267       58487
           0           1          10       12000       64975       67195
           0           1          10       12000       71122       73342
           1           0          10       12000         269        2489
           1           0          10       12000       10758       12978
           1           0          10       12000       18173       20393
           1           0          10       12000       52403       54623
           1           0          10       12000       66220       68440
           1           0          10       12000       75604       77824

[Nodes/requests]: ID_node, ID_depot, lat, long, type, service_time, q_del, q_col, tw_depot_start, tw_depot_end, tw_cust_start, tw_cust_end
           0           0      52.020       4.929       depot           0           0           0           0       86400           0       86400
           1           1      52.174       5.189       depot           0           0           0           0       86400           0       86400
           2           0      52.157       5.333     collect        2400           0        4736           0       84728       31609       64800
           3           0      52.147       4.851     collect        1200           0        2754           0       86182       26518       64800
           4           0      52.080       5.431  distribute        2160        1654           0        1012       86400       30614       64800
           5           0      52.171       5.025  distribute        1800        2094           0       32370       86400       40843       64800
           6           0      52.180       4.917  distribute        1680        1972           0        3838       86400       36644       64800
           7           1      52.052       4.909     collect        1560           0        1177           0       84602       32807       64800
           8           1      52.110       5.407     collect        1920           0         342           0       82894       33646       64800
           9           0      52.239       4.843  distribute        1320        5540           0          85       86400       37258       64800
          10           0      52.087       5.134  distribute        1200        2570           0        6612       86400       39204       64800
          11           1      52.027       5.437  distribute        1320         976           0       22076       86400       28801       64800
          12           0      52.071       5.141  distribute        2280        1664           0        3053       86400       37794       64800
          13           1      52.066       5.020  distribute        1440        1788           0        8000       86400       35817       64800
          14           0      52.091       5.079  distribute        2400        2010           0       29003       86400       36638       64800
          15           0      52.059       5.138     collect        1200           0        1832           0       84475       30470       64800
          16           0      52.097       5.252     collect        1320           0        2376           0       81169       32866       64800