T_2_6_20_[2] 2 4 12 22

[Vehicle Types] - ID_veh_type, fixed_cost, variable_cost, Speed, Capacity, alpha, beta, max_time, max_drive_time
           0         150           1          80        3200        2400        2800       54000       22000
           1         200        1.25          50       13600       11200       12800       54000       32400

[Number of Vehicle Types] - ID_veh_type, ID_depot, number_of_vehicles
           0           0           3
           1           0           1
           0           1           3
           1           1           1

[Scheduled Lines] - ID_from, ID_to, cost_per_req, capacity, dep_time, arr_time
           0           1          10       12000        7598        8400
           0           1          10       12000       15413       16215
           0           1          10       12000       22928       23730
           0           1          10       12000       53580       54382
           0           1          10       12000       65316       66118
           0           1          10       12000       70198       71000
           1           0          10       12000        2524        3326
           1           0          10       12000       13460       14262
           1           0          10       12000       20823       21625
           1           0          10       12000       56348       57150
           1           0          10       12000       60649       61451
           1           0          10       12000       76542       77344

[Nodes/requests]: ID_node, ID_depot, lat, long, type, service_time, q_del, q_col, tw_depot_start, tw_depot_end, tw_cust_start, tw_cust_end
           0           0      52.089       4.844       depot           0           0           0           0       86400           0       86400
           1           1      52.164       4.890       depot           0           0           0           0       86400           0       86400
           2           0      52.232       5.374  distribute        2280          91           0       32823       86400       42337       64800
           3           0      52.125       4.887  distribute        1320        1491           0       26585       86400       35010       64800
           4           0      52.125       5.255  distribute        1680        1852           0        7492       86400       31822       64800
           5           0      52.014       5.360  distribute        2040        1364           0       20986       86400       37784       64800
           6           0      52.028       5.396  distribute        1560        2552           0        8892       86400       35182       64800
           7           1      52.080       5.316  distribute        1320        5728           0       16936       86400       35537       64800
           8           0      52.087       5.223     collect        1920           0        2852           0       80917       43136       64800
           9           1      52.105       5.402  distribute        2160        3570           0        9676       86400       26238       64800
          10           1      52.047       4.961  distribute        2160         442           0       18371       86400       25316       29106
          11           0      52.169       5.385     collect        1680           0         774           0       82419       38588       64800
          12           1      52.114       5.418  distribute        1680         832           0       27014       86400       52027       58990
          13           1      52.233       4.995  distribute        1560        3681           0         438       86400       31137       64800
          14           1      52.066       5.295     collect        2160           0         563           0       85695       42022       64800
          15           1      52.136       5.294     collect        1200           0        1170           0       84398       41733       64800
          16           0      52.009       5.414  distribute        1680         182           0       27797       86400       41197       64800
          17           1      52.025       5.099     collect        1440           0        2958           0       79924       33679       64800
          18           1      51.991       5.262     collect        1200           0        4548           0       80256       28283       64800
          19           0      52.017       4.949     collect        2160           0        1389           0       83988       36710       42115
          20           0      51.999       5.394  distribute        2040        1872           0       14173       86400       26771       64800
          21           1      52.043       4.947     collect        1560           0        2856           0       79829       40237       64800