T_2_6_20_[0] 2 4 12 22

[Vehicle Types] - ID_veh_type, fixed_cost, variable_cost, Speed, Capacity, alpha, beta, max_time, max_drive_time
           0         150           1          80        3200        2400        2800       54000       22000
           1         200        1.25          50       13600       11200       12800       54000       32400

[Number of Vehicle Types] - ID_veh_type, ID_depot, number_of_vehicles
           0           0           1
           1           0           4
           0           1           3
           1           1           1

[Scheduled Lines] - ID_from, ID_to, cost_per_req, capacity, dep_time, arr_time
           0           1          10       12000        1009        2243
           0           1          10       12000       14228       15462
           0           1          10       12000       23885       25119
           0           1          10       12000       59416       60650
           0           1          10       12000       63835       65069
           0           1          10       12000       74478       75712
           1           0          10       12000          33        1267
           1           0          10       12000       15708       16942
           1           0          10       12000       22337       23571
           1           0          10       12000       58092       59326
           1           0          10       12000       63238       64472
           1           0          10       12000       76390       77624

[Nodes/requests]: ID_node, ID_depot, lat, long, type, service_time, q_del, q_col, tw_depot_start, tw_depot_end, tw_cust_start, tw_cust_end
           0           0      52.216       4.820       depot           0           0           0           0       86400           0       86400
           1           1      52.222       5.021       depot           0           0           0           0       86400           0       86400
           2           1      52.229       5.372  distribute        1560        5444           0       32436       86400       41315       64800
           3           0      52.135       5.232     collect        2040           0        3312           0       80392       29582       64800
           4           1      52.043       5.042     collect        2040           0        3381           0       82369       35441       64800
           5           0      52.115       4.902     collect        2280           0         632           0       81730       36283       64800
           6           1      52.148       5.051     collect        2040           0        3222           0       79142       36916       64800
           7           1      52.066       5.273  distribute        2400        3312           0       18781       86400       42972       64800
           8           0      52.056       5.158     collect        2400           0        1287           0       80625       27857       64800
           9           0      52.231       5.080     collect        2280           0         928           0       85090       43139       64800
          10           0      52.202       4.846  distribute        1800        4656           0       16772       86400       38506       64800
          11           1      52.033       5.358  distribute        1800        1695           0       10815       86400       39591       64800
          12           1      52.183       4.951  distribute        2040        2580           0       20963       86400       38876       64800
          13           1      52.041       5.051  distribute        1440        3132           0        4562       86400       36135       46122
          14           0      52.235       4.926     collect        1560           0        2250           0       78838       41755       64800
          15           0      52.121       5.259  distribute        1800        2984           0       22571       86400       28701       33152
          16           0      52.164       5.099  distribute        1440        2432           0       17191       86400       25778       64800
          17           0      52.159       4.867  distribute        1920        2808           0        4351       86400       27061       64800
          18           0      51.984       5.135     collect        2160           0        2460           0       79617       37212       64800
          19           1      51.986       5.260  distribute        1320        2358           0         275       86400       37407       64800
          20           0      52.240       5.048     collect        1560           0         702           0       81156       39947       64800
          21           1      52.013       4.973  distribute        1560        2226           0       14854       86400       25406       64800