T_4_6_15_[0] 2 8 72 19

[Vehicle Types] - ID_veh_type, fixed_cost, variable_cost, Speed, Capacity, alpha, beta, max_time, max_drive_time
           0         150           1          80        3200        2400        2800       54000       22000
           1         200        1.25          50       13600       11200       12800       54000       32400

[Number of Vehicle Types] - ID_veh_type, ID_depot, number_of_vehicles
           0           0           3
           1           0           1
           0           1           3
           1           1           1
           0           2           3
           1           2           1
           0           3           3
           1           3           1

[Scheduled Lines] - ID_from, ID_to, cost_per_req, capacity, dep_time, arr_time
           0           1          10       12000        6093       10148
           0           1          10       12000       13723       17778
           0           1          10       12000       22803       26858
           0           1          10       12000       54768       58823
           0           1          10       12000       65418       69473
           0           1          10       12000       75257       79312
           0           2          10       12000        4324        8379
           0           2          10       12000       10016       14071
           0           2          10       12000       18708       22763
           0           2          10       12000       52804       56859
           0           2          10       12000       66176       70231
           0           2          10       12000       71054       75109
           0           3          10       12000        4654        8709
           0           3          10       12000        8818       12873
           0           3          10       12000       25828       29883
           0           3          10       12000       55197       59252
           0           3          10       12000       62196       66251
           0           3          10       12000       73458       77513
           1           0          10       12000        6985       11040
           1           0          10       12000       15117       19172
           1           0          10       12000       22113       26168
           1           0          10       12000       59109       63164
           1           0          10       12000       68093       72148
           1           0          10       12000       77002       81057
           1           2          10       12000        5998       10053
           1           2          10       12000       13305       17360
           1           2          10       12000       18313       22368
           1           2          10       12000       52042       56097
           1           2          10       12000       67834       71889
           1           2          10       12000       73223       77278
           1           3          10       12000        7734       11789
           1           3          10       12000       12835       16890
           1           3          10       12000       22858       26913
           1           3          10       12000       59926       63981
           1           3          10       12000       68220       72275
           1           3          10       12000       71237       75292
           2           0          10       12000        2612        6667
           2           0          10       12000       16283       20338
           2           0          10       12000       24783       28838
           2           0          10       12000       55916       59971
           2           0          10       12000       60835       64890
           2           0          10       12000       71744       75799
           2           1          10       12000         269        4324
           2           1          10       12000       10803       14858
           2           1          10       12000       17656       21711
           2           1          10       12000       55598       59653
           2           1          10       12000       67946       72001
           2           1          10       12000       74488       78543
           2           3          10       12000         274        4329
           2           3          10       12000       11628       15683
           2           3          10       12000       24615       28670
           2           3          10       12000       53723       57778
           2           3          10       12000       66711       70766
           2           3          10       12000       74895       78950
           3           0          10       12000        8097       12152
           3           0          10       12000       13740       17795
           3           0          10       12000       19164       23219
           3           0          10       12000       57085       61140
           3           0          10       12000       67476       71531
           3           0          10       12000       69729       73784
           3           1          10       12000        2954        7009
           3           1          10       12000        9918       13973
           3           1          10       12000       21613       25668
           3           1          10       12000       58315       62370
           3           1          10       12000       65881       69936
           3           1          10       12000       77287       81342
           3           2          10       12000        7740       11795
           3           2          10       12000       10181       14236
           3           2          10       12000       23353       27408
           3           2          10       12000       53569       57624
           3           2          10       12000       64836       68891
           3           2          10       12000       70282       74337

[Nodes/requests]: ID_node, ID_depot, lat, long, type, service_time, q_del, q_col, tw_depot_start, tw_depot_end, tw_cust_start, tw_cust_end
           0           0      52.232       4.833       depot           0           0           0           0       86400           0       86400
           1           1      52.034       5.409       depot           0           0           0           0       86400           0       86400
           2           2      52.120       5.393       depot           0           0           0           0       86400           0       86400
           3           3      52.015       5.393       depot           0           0           0           0       86400           0       86400
           4           2      52.179       5.390     collect        1560           0        3207           0       85391       27607       64800
           5           1      52.065       4.885     collect        2160           0         670           0       80847       25569       64800
           6           3      52.014       4.870     collect        1800           0        5104           0       80124       42741       64800
           7           0      52.066       5.078     collect        1560           0        1610           0       71246       30510       40706
           8           0      51.999       5.205     collect        1200           0        1365           0       82875       38234       64800
           9           3      52.228       4.958     collect        2400           0        1132           0       68485       37827       41065
          10           3      52.168       5.344  distribute        1200         352           0       18539       86400       28044       64800
          11           0      52.173       5.273     collect        1560           0        3660           0       81200       41804       64800
          12           1      52.125       5.403  distribute        1200        2326           0       28356       86400       35370       64800
          13           1      52.209       5.303  distribute        2280         358           0        5622       86400       42706       64800
          14           1      51.993       4.956  distribute        2040        3447           0        2521       86400       30325       64800
          15           1      52.204       5.306     collect        2160           0        1470           0       82298       39521       64800
          16           3      52.217       5.282     collect        2280           0        4425           0       82997       32404       64800
          17           1      52.136       5.094  distribute        1560        2337           0       25921       86400       35149       64800
          18           0      52.195       5.259  distribute        2040        2466           0        7730       86400       33798       64800