T_4_6_20_[2] 2 8 72 24

[Vehicle Types] - ID_veh_type, fixed_cost, variable_cost, Speed, Capacity, alpha, beta, max_time, max_drive_time
           0         150           1          80        3200        2400        2800       54000       22000
           1         200        1.25          50       13600       11200       12800       54000       32400

[Number of Vehicle Types] - ID_veh_type, ID_depot, number_of_vehicles
           0           0           4
           1           0           1
           0           1           4
           1           1           1
           0           2           4
           1           2           1
           0           3           4
           1           3           1

[Scheduled Lines] - ID_from, ID_to, cost_per_req, capacity, dep_time, arr_time
           0           1          10       12000        1072        3858
           0           1          10       12000       10053       12839
           0           1          10       12000       19835       22621
           0           1          10       12000       55758       58544
           0           1          10       12000       68232       71018
           0           1          10       12000       71804       74590
           0           2          10       12000         304        3090
           0           2          10       12000       13995       16781
           0           2          10       12000       20148       22934
           0           2          10       12000       59988       62774
           0           2          10       12000       68560       71346
           0           2          10       12000       73916       76702
           0           3          10       12000        4502        7288
           0           3          10       12000       13906       16692
           0           3          10       12000       25831       28617
           0           3          10       12000       58358       61144
           0           3          10       12000       62232       65018
           0           3          10       12000       74699       77485
           1           0          10       12000        4143        6929
           1           0          10       12000       15388       18174
           1           0          10       12000       19916       22702
           1           0          10       12000       56566       59352
           1           0          10       12000       66552       69338
           1           0          10       12000       69148       71934
           1           2          10       12000        4599        7385
           1           2          10       12000       13129       15915
           1           2          10       12000       20267       23053
           1           2          10       12000       52208       54994
           1           2          10       12000       66639       69425
           1           2          10       12000       69985       72771
           1           3          10       12000        3412        6198
           1           3          10       12000       10735       13521
           1           3          10       12000       22039       24825
           1           3          10       12000       54688       57474
           1           3          10       12000       66674       69460
           1           3          10       12000       69350       72136
           2           0          10       12000        6762        9548
           2           0          10       12000       16655       19441
           2           0          10       12000       22678       25464
           2           0          10       12000       58903       61689
           2           0          10       12000       63006       65792
           2           0          10       12000       76467       79253
           2           1          10       12000        6592        9378
           2           1          10       12000        9327       12113
           2           1          10       12000       22129       24915
           2           1          10       12000       57693       60479
           2           1          10       12000       64841       67627
           2           1          10       12000       73645       76431
           2           3          10       12000        3299        6085
           2           3          10       12000        9989       12775
           2           3          10       12000       20610       23396
           2           3          10       12000       58636       61422
           2           3          10       12000       63533       66319
           2           3          10       12000       72512       75298
           3           0          10       12000        7298       10084
           3           0          10       12000       11651       14437
           3           0          10       12000       17582       20368
           3           0          10       12000       54785       57571
           3           0          10       12000       61298       64084
           3           0          10       12000       74149       76935
           3           1          10       12000        7609       10395
           3           1          10       12000       15166       17952
           3           1          10       12000       20790       23576
           3           1          10       12000       59609       62395
           3           1          10       12000       63348       66134
           3           1          10       12000       76872       79658
           3           2          10       12000        4948        7734
           3           2          10       12000       10934       13720
           3           2          10       12000       23506       26292
           3           2          10       12000       52298       55084
           3           2          10       12000       68645       71431
           3           2          10       12000       69186       71972

[Nodes/requests]: ID_node, ID_depot, lat, long, type, service_time, q_del, q_col, tw_depot_start, tw_depot_end, tw_cust_start, tw_cust_end
           0           0      52.061       4.841       depot           0           0           0           0       86400           0       86400
           1           1      52.191       5.242       depot           0           0           0           0       86400           0       86400
           2           2      52.138       4.825       depot           0           0           0           0       86400           0       86400
           3           3      52.139       5.288       depot           0           0           0           0       86400           0       86400
           4           1      52.158       5.265     collect        2040           0         762           0       79569       32322       64800
           5           0      52.044       5.172     collect        1800           0        1002           0       79480       28489       64800
           6           0      52.077       5.370     collect        1560           0         922           0       80415       31478       64800
           7           0      51.981       4.988     collect        1560           0        5764           0       83248       28309       64800
           8           2      52.120       5.436     collect        2280           0         288           0       60057       31082       39576
           9           1      52.157       5.247     collect        2040           0        1788           0       83905       34177       64800
          10           3      52.193       5.354  distribute        1680        1676           0       13880       86400       34426       64800
          11           2      52.093       5.010  distribute        1920        5928           0        7427       86400       28649       64800
          12           0      52.045       5.033     collect        2280           0        1272           0       84783       41454       64800
          13           3      52.003       5.399     collect        1800           0        2926           0       83007       41065       64800
          14           3      52.093       5.404  distribute        1440        1884           0        1561       86400       32400       64800
          15           0      52.192       5.319     collect        2040           0        3651           0       84612       36579       64800
          16           1      52.029       5.242     collect        1200           0        2817           0       81211       44200       53788
          17           0      52.099       5.037  distribute        1800         237           0       16753       86400       26359       64800
          18           3      52.210       5.230     collect        1800           0        1399           0       85586       33609       64800
          19           0      52.011       4.942  distribute        2040        2136           0       14940       86400       30415       64800
          20           0      52.096       5.049     collect        1920           0         337           0       81910       37363       64800
          21           0      52.202       4.990  distribute        2040         626           0        1273       86400       30623       34558
          22           1      52.091       5.080  distribute        1320        3488           0       14861       86400       29249       64800
          23           1      52.232       4.938  distribute        1560        2728           0       18063       86400       34944       64800