T_4_6_25_[1] 2 8 72 29

[Vehicle Types] - ID_veh_type, fixed_cost, variable_cost, Speed, Capacity, alpha, beta, max_time, max_drive_time
           0         150           1          80        3200        2400        2800       54000       22000
           1         200        1.25          50       13600       11200       12800       54000       32400

[Number of Vehicle Types] - ID_veh_type, ID_depot, number_of_vehicles
           0           0           5
           1           0           2
           0           1           5
           1           1           2
           0           2           5
           1           2           2
           0           3           5
           1           3           2

[Scheduled Lines] - ID_from, ID_to, cost_per_req, capacity, dep_time, arr_time
           0           1          10       12000        6692        6962
           0           1          10       12000       15625       15895
           0           1          10       12000       20266       20536
           0           1          10       12000       56716       56986
           0           1          10       12000       62726       62996
           0           1          10       12000       76648       76918
           0           2          10       12000        6615        6885
           0           2          10       12000        9711        9981
           0           2          10       12000       18882       19152
           0           2          10       12000       54090       54360
           0           2          10       12000       60592       60862
           0           2          10       12000       75193       75463
           0           3          10       12000        5337        5607
           0           3          10       12000        9789       10059
           0           3          10       12000       18306       18576
           0           3          10       12000       53400       53670
           0           3          10       12000       61459       61729
           0           3          10       12000       72217       72487
           1           0          10       12000        7321        7591
           1           0          10       12000       10285       10555
           1           0          10       12000       21008       21278
           1           0          10       12000       60038       60308
           1           0          10       12000       66546       66816
           1           0          10       12000       72007       72277
           1           2          10       12000        1257        1527
           1           2          10       12000       11612       11882
           1           2          10       12000       17942       18212
           1           2          10       12000       58262       58532
           1           2          10       12000       64245       64515
           1           2          10       12000       74272       74542
           1           3          10       12000        1920        2190
           1           3          10       12000       10518       10788
           1           3          10       12000       18552       18822
           1           3          10       12000       51881       52151
           1           3          10       12000       68147       68417
           1           3          10       12000       76463       76733
           2           0          10       12000        4954        5224
           2           0          10       12000       11764       12034
           2           0          10       12000       23900       24170
           2           0          10       12000       53522       53792
           2           0          10       12000       60644       60914
           2           0          10       12000       77493       77763
           2           1          10       12000        2535        2805
           2           1          10       12000       16102       16372
           2           1          10       12000       24775       25045
           2           1          10       12000       57641       57911
           2           1          10       12000       68943       69213
           2           1          10       12000       69206       69476
           2           3          10       12000        3810        4080
           2           3          10       12000       12825       13095
           2           3          10       12000       23611       23881
           2           3          10       12000       54679       54949
           2           3          10       12000       61293       61563
           2           3          10       12000       77633       77903
           3           0          10       12000        2508        2778
           3           0          10       12000       10831       11101
           3           0          10       12000       25408       25678
           3           0          10       12000       56322       56592
           3           0          10       12000       66222       66492
           3           0          10       12000       77499       77769
           3           1          10       12000         448         718
           3           1          10       12000       13061       13331
           3           1          10       12000       21499       21769
           3           1          10       12000       52450       52720
           3           1          10       12000       68985       69255
           3           1          10       12000       75971       76241
           3           2          10       12000        2104        2374
           3           2          10       12000       15141       15411
           3           2          10       12000       23000       23270
           3           2          10       12000       55042       55312
           3           2          10       12000       63058       63328
           3           2          10       12000       75793       76063

[Nodes/requests]: ID_node, ID_depot, lat, long, type, service_time, q_del, q_col, tw_depot_start, tw_depot_end, tw_cust_start, tw_cust_end
           0           0      52.174       5.400       depot           0           0           0           0       86400           0       86400
           1           1      52.198       5.420       depot           0           0           0           0       86400           0       86400
           2           2      52.175       4.958       depot           0           0           0           0       86400           0       86400
           3           3      52.085       5.324       depot           0           0           0           0       86400           0       86400
           4           1      52.171       5.029  distribute        1200        1134           0        5896       86400       30551       64800
           5           1      52.190       5.200  distribute        2040        2368           0        9209       86400       29340       64800
           6           3      52.195       5.171     collect        1320           0        2824           0       83111       27993       32773
           7           3      52.081       5.278     collect        2400           0         240           0       82184       26752       64800
           8           3      51.980       4.889  distribute        2160        4152           0        2868       86400       25257       64800
           9           1      52.001       4.815     collect        1920           0        1211           0       81689       39139       64800
          10           2      52.167       5.290  distribute        1200        1247           0       15134       86400       41946       64800
          11           3      52.207       4.987  distribute        2400         154           0        1359       86400       25533       64800
          12           0      51.986       4.938  distribute        1200        4101           0       14952       86400       37209       64800
          13           3      52.042       5.221     collect        1560           0        4416           0       82583       43070       64800
          14           0      52.219       4.900  distribute        2400        5616           0       16643       86400       42517       64800
          15           0      52.129       5.425     collect        2280           0        1452           0       85278       25311       64800
          16           0      52.241       5.002     collect        2040           0        4616           0       80233       25275       64800
          17           2      52.235       5.110     collect        2280           0         150           0       81060       38946       64800
          18           3      52.113       4.871  distribute        1200        2534           0       16865       86400       38507       64800
          19           0      51.999       4.942     collect        1560           0        3171           0       83249       32042       64800
          20           1      52.075       5.073     collect        1440           0        1431           0       85162       27508       64800
          21           3      52.027       5.117  distribute        1440        1491           0       27301       86400       38667       64800
          22           3      52.068       5.098  distribute        2400        1586           0       11505       86400       35945       64800
          23           3      52.010       5.328     collect        2280           0        2706           0       80664       26906       64800
          24           0      51.993       5.252  distribute        1800        1123           0       15602       86400       43134       64800
          25           3      52.048       5.103  distribute        1200        2130           0         128       86400       37539       64800
          26           0      51.982       4.817     collect        1680           0         784           0       84149       33262       64800
          27           3      52.130       5.423     collect        1920           0        2064           0       81157       30231       64800
          28           3      51.996       5.246     collect        1680           0        1374           0       41520       27468       33813