T_4_6_5_[2] 2 8 72 9

[Vehicle Types] - ID_veh_type, fixed_cost, variable_cost, Speed, Capacity, alpha, beta, max_time, max_drive_time
           0         150           1          80        3200        2400        2800       54000       22000
           1         200        1.25          50       13600       11200       12800       54000       32400

[Number of Vehicle Types] - ID_veh_type, ID_depot, number_of_vehicles
           0           0           2
           1           0           1
           0           1           2
           1           1           1
           0           2           2
           1           2           1
           0           3           2
           1           3           1

[Scheduled Lines] - ID_from, ID_to, cost_per_req, capacity, dep_time, arr_time
           0           1          10       12000        4104        5480
           0           1          10       12000        9373       10749
           0           1          10       12000       21840       23216
           0           1          10       12000       59364       60740
           0           1          10       12000       68917       70293
           0           1          10       12000       75883       77259
           0           2          10       12000        2987        4363
           0           2          10       12000       14241       15617
           0           2          10       12000       23734       25110
           0           2          10       12000       57818       59194
           0           2          10       12000       65945       67321
           0           2          10       12000       72233       73609
           0           3          10       12000        2704        4080
           0           3          10       12000       10147       11523
           0           3          10       12000       20250       21626
           0           3          10       12000       52220       53596
           0           3          10       12000       65772       67148
           0           3          10       12000       75896       77272
           1           0          10       12000        5605        6981
           1           0          10       12000       15999       17375
           1           0          10       12000       23550       24926
           1           0          10       12000       55407       56783
           1           0          10       12000       61069       62445
           1           0          10       12000       77733       79109
           1           2          10       12000        7160        8536
           1           2          10       12000       15570       16946
           1           2          10       12000       21153       22529
           1           2          10       12000       57043       58419
           1           2          10       12000       65064       66440
           1           2          10       12000       77383       78759
           1           3          10       12000        8347        9723
           1           3          10       12000       15636       17012
           1           3          10       12000       19671       21047
           1           3          10       12000       53389       54765
           1           3          10       12000       64873       66249
           1           3          10       12000       76355       77731
           2           0          10       12000        8502        9878
           2           0          10       12000        9027       10403
           2           0          10       12000       22914       24290
           2           0          10       12000       56823       58199
           2           0          10       12000       62745       64121
           2           0          10       12000       76191       77567
           2           1          10       12000        4936        6312
           2           1          10       12000       11212       12588
           2           1          10       12000       23390       24766
           2           1          10       12000       59636       61012
           2           1          10       12000       60555       61931
           2           1          10       12000       75916       77292
           2           3          10       12000         804        2180
           2           3          10       12000       13216       14592
           2           3          10       12000       23544       24920
           2           3          10       12000       51971       53347
           2           3          10       12000       64685       66061
           2           3          10       12000       75677       77053
           3           0          10       12000        7815        9191
           3           0          10       12000       14140       15516
           3           0          10       12000       23189       24565
           3           0          10       12000       53091       54467
           3           0          10       12000       67293       68669
           3           0          10       12000       73928       75304
           3           1          10       12000        7795        9171
           3           1          10       12000       14524       15900
           3           1          10       12000       18975       20351
           3           1          10       12000       54670       56046
           3           1          10       12000       65139       66515
           3           1          10       12000       75783       77159
           3           2          10       12000        6851        8227
           3           2          10       12000       10254       11630
           3           2          10       12000       17326       18702
           3           2          10       12000       57742       59118
           3           2          10       12000       64592       65968
           3           2          10       12000       75717       77093

[Nodes/requests]: ID_node, ID_depot, lat, long, type, service_time, q_del, q_col, tw_depot_start, tw_depot_end, tw_cust_start, tw_cust_end
           0           0      52.180       5.114       depot           0           0           0           0       86400           0       86400
           1           1      52.187       5.338       depot           0           0           0           0       86400           0       86400
           2           2      52.139       5.395       depot           0           0           0           0       86400           0       86400
           3           3      52.186       5.129       depot           0           0           0           0       86400           0       86400
           4           2      52.074       5.052  distribute        2040         922           0       20373       86400       26916       64800
           5           3      52.031       5.409     collect        1920           0        1834           0       80347       33122       64800
           6           1      52.025       4.847  distribute        1320        5012           0       12680       86400       31213       64800
           7           0      52.179       5.020     collect        2160           0         607           0       81419       35298       64800
           8           3      52.229       5.349     collect        2160           0        2860           0       78814       29381       64800