T_4_6_20_[1] 2 8 72 24

[Vehicle Types] - ID_veh_type, fixed_cost, variable_cost, Speed, Capacity, alpha, beta, max_time, max_drive_time
           0         150           1          80        3200        2400        2800       54000       22000
           1         200        1.25          50       13600       11200       12800       54000       32400

[Number of Vehicle Types] - ID_veh_type, ID_depot, number_of_vehicles
           0           0           3
           1           0           1
           0           1           3
           1           1           1
           0           2           3
           1           2           1
           0           3           3
           1           3           1

[Scheduled Lines] - ID_from, ID_to, cost_per_req, capacity, dep_time, arr_time
           0           1          10       12000        6641        8824
           0           1          10       12000       12976       15159
           0           1          10       12000       21311       23494
           0           1          10       12000       57966       60149
           0           1          10       12000       62383       64566
           0           1          10       12000       73655       75838
           0           2          10       12000         848        3031
           0           2          10       12000        9852       12035
           0           2          10       12000       24253       26436
           0           2          10       12000       58726       60909
           0           2          10       12000       64009       66192
           0           2          10       12000       73375       75558
           0           3          10       12000        7812        9995
           0           3          10       12000       15176       17359
           0           3          10       12000       23261       25444
           0           3          10       12000       58018       60201
           0           3          10       12000       60915       63098
           0           3          10       12000       69478       71661
           1           0          10       12000        2958        5141
           1           0          10       12000       11805       13988
           1           0          10       12000       18880       21063
           1           0          10       12000       52569       54752
           1           0          10       12000       68526       70709
           1           0          10       12000       72686       74869
           1           2          10       12000        7661        9844
           1           2          10       12000       12221       14404
           1           2          10       12000       22566       24749
           1           2          10       12000       52006       54189
           1           2          10       12000       66699       68882
           1           2          10       12000       73949       76132
           1           3          10       12000        3074        5257
           1           3          10       12000       12380       14563
           1           3          10       12000       22158       24341
           1           3          10       12000       55082       57265
           1           3          10       12000       63343       65526
           1           3          10       12000       72506       74689
           2           0          10       12000         225        2408
           2           0          10       12000        9220       11403
           2           0          10       12000       24399       26582
           2           0          10       12000       55650       57833
           2           0          10       12000       64880       67063
           2           0          10       12000       76856       79039
           2           1          10       12000        5805        7988
           2           1          10       12000       14926       17109
           2           1          10       12000       19217       21400
           2           1          10       12000       58051       60234
           2           1          10       12000       62329       64512
           2           1          10       12000       70895       73078
           2           3          10       12000        7573        9756
           2           3          10       12000       13338       15521
           2           3          10       12000       19781       21964
           2           3          10       12000       52970       55153
           2           3          10       12000       66332       68515
           2           3          10       12000       72601       74784
           3           0          10       12000        6245        8428
           3           0          10       12000       12014       14197
           3           0          10       12000       17283       19466
           3           0          10       12000       54876       57059
           3           0          10       12000       62121       64304
           3           0          10       12000       75489       77672
           3           1          10       12000        5314        7497
           3           1          10       12000       14800       16983
           3           1          10       12000       25361       27544
           3           1          10       12000       55321       57504
           3           1          10       12000       61327       63510
           3           1          10       12000       75650       77833
           3           2          10       12000        2314        4497
           3           2          10       12000       16620       18803
           3           2          10       12000       22480       24663
           3           2          10       12000       59822       62005
           3           2          10       12000       64490       66673
           3           2          10       12000       72985       75168

[Nodes/requests]: ID_node, ID_depot, lat, long, type, service_time, q_del, q_col, tw_depot_start, tw_depot_end, tw_cust_start, tw_cust_end
           0           0      52.235       5.019       depot           0           0           0           0       86400           0       86400
           1           1      52.039       4.863       depot           0           0           0           0       86400           0       86400
           2           2      52.047       5.268       depot           0           0           0           0       86400           0       86400
           3           3      52.082       4.853       depot           0           0           0           0       86400           0       86400
           4           0      52.035       5.369     collect        1800           0        1028           0       80618       43077       64800
           5           3      52.092       5.373     collect        1440           0        1744           0       82317       33296       64800
           6           1      52.043       4.868     collect        2400           0        2064           0       82248       32080       46323
           7           2      52.067       5.184     collect        2400           0        1488           0       80292       33868       64800
           8           2      52.150       5.152     collect        1680           0        4287           0       48601       29654       33579
           9           1      52.109       5.263     collect        1560           0        1412           0       85022       38425       64800
          10           1      52.108       4.833  distribute        1920        2540           0        6077       86400       43153       64800
          11           2      52.014       5.254  distribute        2160        4233           0       12350       86400       38800       64800
          12           1      52.161       5.387  distribute        1200        4312           0       18944       86400       25780       64800
          13           1      52.091       4.845     collect        1800           0         509           0       84384       26158       64800
          14           3      52.030       5.415  distribute        2160        2676           0        6101       86400       26198       64800
          15           2      52.234       4.890     collect        2400           0         969           0       82796       32349       64800
          16           1      52.068       5.434  distribute        1800         400           0        9010       86400       41528       64800
          17           3      52.106       5.431     collect        1680           0        1350           0       81533       41960       64800
          18           3      52.213       4.892  distribute        1560        2276           0       12023       86400       40425       64800
          19           0      52.072       5.219     collect        1320           0        2612           0       79199       37794       64800
          20           3      52.224       5.114  distribute        2280        1110           0        4479       86400       41137       64800
          21           0      52.175       5.263     collect        2160           0        5284           0       84315       26424       64800
          22           2      52.112       5.157  distribute        1800        1362           0        3693       86400       32464       64800
          23           3      52.111       5.306  distribute        1440         278           0       15012       86400       34886       64800