T_4_6_5_[0] 2 8 72 9

[Vehicle Types] - ID_veh_type, fixed_cost, variable_cost, Speed, Capacity, alpha, beta, max_time, max_drive_time
           0         150           1          80        3200        2400        2800       54000       22000
           1         200        1.25          50       13600       11200       12800       54000       32400

[Number of Vehicle Types] - ID_veh_type, ID_depot, number_of_vehicles
           0           0           2
           1           0           1
           0           1           2
           1           1           1
           0           2           2
           1           2           1
           0           3           2
           1           3           1

[Scheduled Lines] - ID_from, ID_to, cost_per_req, capacity, dep_time, arr_time
           0           1          10       12000         528        2177
           0           1          10       12000       16087       17736
           0           1          10       12000       19396       21045
           0           1          10       12000       55635       57284
           0           1          10       12000       61422       63071
           0           1          10       12000       72398       74047
           0           2          10       12000        4042        5691
           0           2          10       12000        9756       11405
           0           2          10       12000       20873       22522
           0           2          10       12000       59114       60763
           0           2          10       12000       61997       63646
           0           2          10       12000       69340       70989
           0           3          10       12000        5308        6957
           0           3          10       12000       11761       13410
           0           3          10       12000       25073       26722
           0           3          10       12000       53334       54983
           0           3          10       12000       62465       64114
           0           3          10       12000       70386       72035
           1           0          10       12000        2937        4586
           1           0          10       12000       11788       13437
           1           0          10       12000       25848       27497
           1           0          10       12000       54847       56496
           1           0          10       12000       67161       68810
           1           0          10       12000       76573       78222
           1           2          10       12000        3441        5090
           1           2          10       12000       15079       16728
           1           2          10       12000       21785       23434
           1           2          10       12000       57294       58943
           1           2          10       12000       67534       69183
           1           2          10       12000       69383       71032
           1           3          10       12000        8473       10122
           1           3          10       12000       13323       14972
           1           3          10       12000       24879       26528
           1           3          10       12000       53765       55414
           1           3          10       12000       67168       68817
           1           3          10       12000       77215       78864
           2           0          10       12000        7561        9210
           2           0          10       12000       17221       18870
           2           0          10       12000       18161       19810
           2           0          10       12000       55510       57159
           2           0          10       12000       68052       69701
           2           0          10       12000       76172       77821
           2           1          10       12000        8199        9848
           2           1          10       12000       12447       14096
           2           1          10       12000       20332       21981
           2           1          10       12000       55267       56916
           2           1          10       12000       63578       65227
           2           1          10       12000       72933       74582
           2           3          10       12000        7789        9438
           2           3          10       12000       12852       14501
           2           3          10       12000       23430       25079
           2           3          10       12000       52175       53824
           2           3          10       12000       63055       64704
           2           3          10       12000       75661       77310
           3           0          10       12000        7147        8796
           3           0          10       12000        8678       10327
           3           0          10       12000       23612       25261
           3           0          10       12000       57066       58715
           3           0          10       12000       65246       66895
           3           0          10       12000       73544       75193
           3           1          10       12000        7214        8863
           3           1          10       12000       11605       13254
           3           1          10       12000       17630       19279
           3           1          10       12000       52722       54371
           3           1          10       12000       65503       67152
           3           1          10       12000       76459       78108
           3           2          10       12000        3113        4762
           3           2          10       12000        9086       10735
           3           2          10       12000       24025       25674
           3           2          10       12000       59322       60971
           3           2          10       12000       66699       68348
           3           2          10       12000       76505       78154

[Nodes/requests]: ID_node, ID_depot, lat, long, type, service_time, q_del, q_col, tw_depot_start, tw_depot_end, tw_cust_start, tw_cust_end
           0           0      52.009       5.362       depot           0           0           0           0       86400           0       86400
           1           1      52.167       5.438       depot           0           0           0           0       86400           0       86400
           2           2      52.175       5.369       depot           0           0           0           0       86400           0       86400
           3           3      52.129       4.939       depot           0           0           0           0       86400           0       86400
           4           0      52.061       5.260     collect        1200           0        3340           0       85356       29852       64800
           5           2      52.020       5.375     collect        1680           0         912           0       84853       37229       64800
           6           1      52.069       5.348     collect        2040           0         938           0       81065       34732       64800
           7           2      52.142       5.361     collect        1200           0        4932           0       82490       41107       64800
           8           1      52.183       5.204  distribute        1920        2793           0       14772       86400       35507       64800