T_4_6_10_[1] 2 8 72 14

[Vehicle Types] - ID_veh_type, fixed_cost, variable_cost, Speed, Capacity, alpha, beta, max_time, max_drive_time
           0         150           1          80        3200        2400        2800       54000       22000
           1         200        1.25          50       13600       11200       12800       54000       32400

[Number of Vehicle Types] - ID_veh_type, ID_depot, number_of_vehicles
           0           0           2
           1           0           1
           0           1           2
           1           1           1
           0           2           2
           1           2           1
           0           3           2
           1           3           1

[Scheduled Lines] - ID_from, ID_to, cost_per_req, capacity, dep_time, arr_time
           0           1          10       12000         168        1472
           0           1          10       12000       13380       14684
           0           1          10       12000       23918       25222
           0           1          10       12000       52185       53489
           0           1          10       12000       65920       67224
           0           1          10       12000       72365       73669
           0           2          10       12000        8046        9350
           0           2          10       12000       15360       16664
           0           2          10       12000       17289       18593
           0           2          10       12000       55799       57103
           0           2          10       12000       64521       65825
           0           2          10       12000       71453       72757
           0           3          10       12000        4345        5649
           0           3          10       12000       11006       12310
           0           3          10       12000       22720       24024
           0           3          10       12000       54330       55634
           0           3          10       12000       68189       69493
           0           3          10       12000       72238       73542
           1           0          10       12000        8134        9438
           1           0          10       12000       16974       18278
           1           0          10       12000       23456       24760
           1           0          10       12000       59353       60657
           1           0          10       12000       60843       62147
           1           0          10       12000       72000       73304
           1           2          10       12000        4718        6022
           1           2          10       12000       10283       11587
           1           2          10       12000       18545       19849
           1           2          10       12000       56962       58266
           1           2          10       12000       61723       63027
           1           2          10       12000       71952       73256
           1           3          10       12000        1928        3232
           1           3          10       12000       12881       14185
           1           3          10       12000       18472       19776
           1           3          10       12000       56830       58134
           1           3          10       12000       63169       64473
           1           3          10       12000       70291       71595
           2           0          10       12000         915        2219
           2           0          10       12000       15097       16401
           2           0          10       12000       21008       22312
           2           0          10       12000       58529       59833
           2           0          10       12000       66779       68083
           2           0          10       12000       70320       71624
           2           1          10       12000        4061        5365
           2           1          10       12000       14584       15888
           2           1          10       12000       20986       22290
           2           1          10       12000       53535       54839
           2           1          10       12000       62905       64209
           2           1          10       12000       73833       75137
           2           3          10       12000        4727        6031
           2           3          10       12000       15571       16875
           2           3          10       12000       18498       19802
           2           3          10       12000       55794       57098
           2           3          10       12000       64401       65705
           2           3          10       12000       70655       71959
           3           0          10       12000        3456        4760
           3           0          10       12000       10748       12052
           3           0          10       12000       22823       24127
           3           0          10       12000       58042       59346
           3           0          10       12000       61308       62612
           3           0          10       12000       77667       78971
           3           1          10       12000          28        1332
           3           1          10       12000       11236       12540
           3           1          10       12000       19170       20474
           3           1          10       12000       55183       56487
           3           1          10       12000       63755       65059
           3           1          10       12000       75255       76559
           3           2          10       12000        2420        3724
           3           2          10       12000       13584       14888
           3           2          10       12000       18044       19348
           3           2          10       12000       54840       56144
           3           2          10       12000       68373       69677
           3           2          10       12000       71581       72885

[Nodes/requests]: ID_node, ID_depot, lat, long, type, service_time, q_del, q_col, tw_depot_start, tw_depot_end, tw_cust_start, tw_cust_end
           0           0      52.177       5.371       depot           0           0           0           0       86400           0       86400
           1           1      52.090       5.213       depot           0           0           0           0       86400           0       86400
           2           2      52.141       5.246       depot           0           0           0           0       86400           0       86400
           3           3      52.031       4.879       depot           0           0           0           0       86400           0       86400
           4           3      52.080       5.007  distribute        1320        2356           0        3846       86400       30495       64800
           5           2      52.177       4.898     collect        2040           0         855           0       85289       30876       64800
           6           2      52.235       5.336  distribute        1920         998           0       14005       86400       40004       64800
           7           0      51.997       5.296     collect        1200           0         257           0       82366       32528       64800
           8           2      52.198       5.087  distribute        1680        1334           0       29555       86400       41332       64800
           9           2      51.985       4.980  distribute        1920        3123           0       22307       86400       30892       64800
          10           3      52.126       5.253  distribute        2040        1396           0       19868       86400       30975       64800
          11           1      51.988       5.098     collect        1320           0        5668           0       85263       38542       64800
          12           2      52.073       5.239  distribute        1200        4480           0       22309       86400       44143       53104
          13           3      51.984       5.082     collect        1560           0         664           0       85036       25403       64800